  0.01  2.06073239E-13
  0.0110859065  2.2122108E-13
  0.0122897324  2.36861763E-13
  0.0136242824  2.52684536E-13
  0.0151037521  2.68812653E-13
  0.0167438785  2.8435537E-13
  0.0185621071  3.01086186E-13
  0.0205777785  3.16466136E-13
  0.0228123329  3.32310208E-13
  0.025289539  3.47306819E-13
  0.0280357466  3.61637124E-13
  0.0310801666  3.74713858E-13
  0.0344551822  3.86801568E-13
  0.0381966929  3.97137191E-13
  0.0423444967  4.0607924E-13
  0.0469427133  4.1356679E-13
  0.0520402532  4.19741033E-13
  0.0576913383  4.23645323E-13
  0.0639560783  4.2586721E-13
  0.0709011107  4.26208795E-13
  0.0786003086  4.24428313E-13
  0.0871355674  4.20611635E-13
  0.0965976756  4.15177069E-13
  0.10708728  4.07974592E-13
  0.118715958  3.99035683E-13
  0.131607401  3.88426354E-13
  0.145898735  3.76844856E-13
  0.161741974  3.63652306E-13
  0.17930564  3.49233807E-13
  0.198776557  3.34050679E-13
  0.220361833  3.18135085E-13
  0.244291068  3.01683061E-13
  0.270818795  2.84683993E-13
  0.300227185  2.67659469E-13
  0.332829051  2.5041666E-13
  0.368971175  2.33313632E-13
  0.409037996  2.16561963E-13
  0.453455699  2.00137577E-13
  0.502696749  1.84143374E-13
  0.557284917  1.68817821E-13
  0.617800851  1.54181585E-13
  0.684888248  1.40283838E-13
  0.75926071  1.27064586E-13
  0.841709327  1.14742293E-13
  0.933111092  1.03172271E-13
  1.03443824  9.24153168E-14
  1.14676856  8.24511086E-14
  1.27129691  7.33005252E-14
  1.40934787  6.48753397E-14
  1.56238987  5.7138749E-14
  1.73205081  5.00830276E-14
  1.92013534  4.36159069E-14
  2.12864409  3.77739628E-14
  2.35979494  3.25198864E-14
  2.61604661  2.79090486E-14
  2.90012482  2.39174706E-14
  3.21505127  2.04139973E-14
  3.56417578  1.7328568E-14
  3.95121196  1.46295845E-14
  4.38027665  1.22775544E-14
  4.85593375  1.02506217E-14
  5.38324276  8.50138216E-15
  5.96781261  7.00863894E-15
  6.61586128  5.7410413E-15
  7.33428198  4.67005547E-15
  8.13071645  3.77727169E-15
  9.01363625  3.03127625E-15
  9.9924329  2.41642596E-15
  11.0775177  1.9098377E-15
  12.2804326  1.49820571E-15
  13.6139728  1.16448856E-15
  15.092323  8.96699063E-16
  16.7312082  6.8468067E-16
  18.548061  5.17651763E-16
  20.5622071  3.87188375E-16
  22.7950706  2.87892232E-16
  25.2704022  2.1120894E-16
  28.0145316  1.53214124E-16
  31.0566479  1.09876334E-16
  34.4291096  7.76943464E-17
  38.1677891  5.42113992E-17
  42.3124542  3.72320591E-17
  46.9071913  2.5122975E-17
  52.0008738  1.68026461E-17
  57.6476826  1.10518455E-17
  63.9076821  7.15992255E-18
  70.8474591  4.55846688E-18
  78.5408309  2.84782844E-18
  87.069631  1.71681232E-18
  96.5245791  1.00242695E-18
  107.006246  5.67287027E-19
  118.626124  3.08366962E-19
  131.507813  1.54374762E-19
  145.788332  6.59811425E-20
  161.619582  3.09004347E-20
  179.169958  0.
  198.626141  0.
  220.195083  0.
  244.106211  0.
  270.613864  0.
  300.  0.
