0.00110113 0
0.00132385 0
0.00159162 0
0.00191355 5689.98
0.00230059 0
0.00276592 15746
0.00332537 0
0.00399797 21787.2
0.00480662 18121.8
0.00577882 34856.4
0.00694767 39178.7
0.00835294 88637.9
0.0100424 54210.1
0.0120737 164128
0.0145157 178895
0.0174518 373712
0.0209816 298645
0.0252255 450621
0.0303277 499387
0.0364619 461658
0.0438369 557978
0.0527035 594361
0.0633635 599703
0.0761797 593285
0.0915882 550238
0.110113 573754
0.132385 481628
0.159162 371835
0.191355 317984
0.230059 274734
0.276592 211941
0.332537 174173
0.399797 130451
0.480662 97042
0.577882 70626.5
0.694767 47617.8
0.835294 31824.9
1.00424 20339.6
1.20737 12372.7
1.45157 7260.82
1.74518 4223.76
2.09816 2187.3
2.52255 1089.86
3.03277 527.749
3.64619 229.933
4.38369 99.3506
5.27035 29.9556
6.33635 3.43669
7.61797 0.714629
9.15882 0
