	0.000115913	0	
	0.000152803	0	
	0.000201433	0	
	0.000265541	0	
	0.000350051	0	
	0.000461457	0	
	0.000608319	0	
	0.000801921	0	
	0.00105714	6890.53	
	0.00139358	0	
	0.00183709	11895.3	
	0.00242176	0	
	0.0031925	21675.8	
	0.00420854	28558.6	
	0.00554794	68274.1	
	0.00731361	120514	
	0.00964121	122774	
	0.0127096	237275	
	0.0167545	283683	
	0.0220867	299460	
	0.029116	348250	
	0.0383823	357452	
	0.0505978	397123	
	0.0667009	391891	
	0.0879289	394247	
	0.115913	374132	
	0.152803	349975	
	0.201433	316616	
	0.265541	258928	
	0.350051	186938	
	0.461457	133504	
	0.608319	93477.9	
	0.801921	62417.2	
	1.05714		38493.9	
	1.39358		21922	
	1.83709		12236.2	
	2.42176		6221.68	
	3.1925		2814.44	
	4.20854		1144.94	
	5.54794		391.919	
	7.31361		120.016	
	9.64121		24.177	
	12.7096		2.86565	
	16.7545		0	
	22.0867		0	
	29.116		0	
	38.3823		0	
	50.5978		0	
	66.7009		0	
	87.9289		0	
