	0.000115913	0	
	0.000152803	0	
	0.000201433	0	
	0.000265541	0	
	0.000350051	0	
	0.000461457	0	
	0.000608319	0	
	0.000801921	0	
	0.00105714	3445.26	
	0.00139358	0	
	0.00183709	23790.5	
	0.00242176	0	
	0.0031925	43351.7	
	0.00420854	36347.3	
	0.00554794	112258	
	0.00731361	120016	
	0.00964121	119752	
	0.0127096	227246	
	0.0167545	233685	
	0.0220867	260378	
	0.029116	289583	
	0.0383823	295963	
	0.0505978	330612	
	0.0667009	334284	
	0.0879289	330210	
	0.115913	320999	
	0.152803	296560	
	0.201433	268810	
	0.265541	234925	
	0.350051	202420	
	0.461457	146874	
	0.608319	102213	
	0.801921	73290.1	
	1.05714		49746.2	
	1.39358		31053.6	
	1.83709		19030.4	
	2.42176		10786.1	
	3.1925		5818.25	
	4.20854		2700.95	
	5.54794		1146.22	
	7.31361		414.329	
	9.64121		146.195	
	12.7096		36.1071	
	16.7545		6.52144	
	22.0867		0.659603
	29.116		0
	38.3823		0
	50.5978		0
	66.7009		0
	87.9289		0
