#E_gam (GeV), z=0.01,0.02,0.03,0.04,0.05,0.06,0.07,0.08,0.09,0.1,0.11,0.15,0.2,0.25,0.3,0.35,0.4,0.45,0.5,0.55,0.6,0.65,0.7,0.75,0.8,0.85,0.9,0.95,1,1.2,1.4,1.6,1.8,2,2.2,2.4,2.6,2.8,3,3.2,3.4,3.6,3.8,4,4.2,4.4,4.6,4.8,5,5.5,6,6.5,7,7.5,8,8.5,9
1.000e+00	1.766e-07	3.572e-07	5.419e-07	7.306e-07	9.232e-07	1.120e-06	1.321e-06	1.526e-06	1.735e-06	1.949e-06	2.166e-06	3.079e-06	4.319e-06	5.669e-06	7.133e-06	8.713e-06	1.041e-05	1.241e-05	1.453e-05	1.678e-05	1.916e-05	2.166e-05	2.429e-05	2.703e-05	2.988e-05	3.284e-05	3.590e-05	3.905e-05	4.229e-05	5.722e-05	7.293e-05	8.864e-05	1.035e-04	1.169e-04	1.284e-04	1.379e-04	1.455e-04	1.515e-04	1.561e-04	1.597e-04	1.624e-04	1.645e-04	1.662e-04	1.675e-04	1.686e-04	1.694e-04	1.702e-04	1.708e-04	1.713e-04	1.721e-04	1.727e-04	1.731e-04	1.734e-04	1.736e-04	1.738e-04	1.739e-04	1.740e-04
1.122e+00	1.876e-07	3.796e-07	5.761e-07	7.768e-07	9.819e-07	1.192e-06	1.406e-06	1.625e-06	1.848e-06	2.076e-06	2.309e-06	3.288e-06	4.621e-06	6.079e-06	7.665e-06	9.380e-06	1.123e-05	1.341e-05	1.573e-05	1.819e-05	2.080e-05	2.354e-05	2.642e-05	2.943e-05	3.256e-05	3.581e-05	3.917e-05	4.265e-05	4.622e-05	6.269e-05	8.009e-05	9.748e-05	1.140e-04	1.287e-04	1.413e-04	1.516e-04	1.599e-04	1.662e-04	1.711e-04	1.748e-04	1.777e-04	1.798e-04	1.815e-04	1.829e-04	1.840e-04	1.850e-04	1.858e-04	1.865e-04	1.870e-04	1.879e-04	1.885e-04	1.890e-04	1.893e-04	1.895e-04	1.897e-04	1.898e-04	1.899e-04
1.259e+00	2.001e-07	4.050e-07	6.148e-07	8.295e-07	1.049e-06	1.273e-06	1.503e-06	1.738e-06	1.977e-06	2.222e-06	2.472e-06	3.526e-06	4.965e-06	6.544e-06	8.266e-06	1.013e-05	1.215e-05	1.452e-05	1.705e-05	1.975e-05	2.259e-05	2.559e-05	2.874e-05	3.203e-05	3.546e-05	3.903e-05	4.272e-05	4.653e-05	5.045e-05	6.861e-05	8.785e-05	1.071e-04	1.253e-04	1.416e-04	1.554e-04	1.666e-04	1.755e-04	1.823e-04	1.875e-04	1.914e-04	1.944e-04	1.967e-04	1.986e-04	2.002e-04	2.015e-04	2.027e-04	2.037e-04	2.047e-04	2.054e-04	2.066e-04	2.072e-04	2.076e-04	2.080e-04	2.082e-04	2.084e-04	2.085e-04	2.086e-04
1.412e+00	2.143e-07	4.340e-07	6.591e-07	8.895e-07	1.125e-06	1.366e-06	1.613e-06	1.866e-06	2.125e-06	2.388e-06	2.658e-06	3.797e-06	5.355e-06	7.068e-06	8.938e-06	1.097e-05	1.316e-05	1.574e-05	1.850e-05	2.143e-05	2.454e-05	2.781e-05	3.124e-05	3.483e-05	3.858e-05	4.248e-05	4.652e-05	5.070e-05	5.500e-05	7.499e-05	9.625e-05	1.176e-04	1.377e-04	1.556e-04	1.707e-04	1.829e-04	1.925e-04	1.999e-04	2.055e-04	2.099e-04	2.134e-04	2.163e-04	2.188e-04	2.209e-04	2.228e-04	2.246e-04	2.261e-04	2.274e-04	2.285e-04	2.299e-04	2.307e-04	2.311e-04	2.315e-04	2.317e-04	2.319e-04	2.320e-04	2.321e-04
1.585e+00	2.305e-07	4.668e-07	7.093e-07	9.575e-07	1.212e-06	1.472e-06	1.738e-06	2.011e-06	2.291e-06	2.576e-06	2.867e-06	4.100e-06	5.788e-06	7.646e-06	9.675e-06	1.188e-05	1.426e-05	1.706e-05	2.005e-05	2.324e-05	2.661e-05	3.016e-05	3.389e-05	3.781e-05	4.189e-05	4.614e-05	5.056e-05	5.513e-05	5.985e-05	8.183e-05	1.053e-04	1.289e-04	1.511e-04	1.708e-04	1.874e-04	2.009e-04	2.116e-04	2.201e-04	2.268e-04	2.324e-04	2.371e-04	2.412e-04	2.449e-04	2.483e-04	2.513e-04	2.539e-04	2.562e-04	2.580e-04	2.594e-04	2.613e-04	2.622e-04	2.627e-04	2.631e-04	2.633e-04	2.635e-04	2.636e-04	2.637e-04
1.778e+00	2.486e-07	5.037e-07	7.654e-07	1.034e-06	1.308e-06	1.589e-06	1.878e-06	2.173e-06	2.475e-06	2.783e-06	3.099e-06	4.433e-06	6.261e-06	8.273e-06	1.047e-05	1.285e-05	1.542e-05	1.846e-05	2.170e-05	2.514e-05	2.879e-05	3.264e-05	3.669e-05	4.094e-05	4.538e-05	5.001e-05	5.483e-05	5.982e-05	6.499e-05	8.914e-05	1.151e-04	1.411e-04	1.657e-04	1.875e-04	2.062e-04	2.218e-04	2.347e-04	2.454e-04	2.546e-04	2.626e-04	2.699e-04	2.763e-04	2.821e-04	2.872e-04	2.916e-04	2.954e-04	2.986e-04	3.012e-04	3.030e-04	3.054e-04	3.064e-04	3.071e-04	3.075e-04	3.077e-04	3.079e-04	3.081e-04	3.082e-04
1.995e+00	2.685e-07	5.442e-07	8.271e-07	1.117e-06	1.414e-06	1.718e-06	2.029e-06	2.349e-06	2.675e-06	3.009e-06	3.350e-06	4.792e-06	6.767e-06	8.938e-06	1.131e-05	1.388e-05	1.665e-05	1.992e-05	2.341e-05	2.712e-05	3.106e-05	3.522e-05	3.961e-05	4.421e-05	4.903e-05	5.407e-05	5.932e-05	6.477e-05	7.041e-05	9.692e-05	1.255e-04	1.544e-04	1.819e-04	2.071e-04	2.293e-04	2.487e-04	2.658e-04	2.810e-04	2.948e-04	3.072e-04	3.183e-04	3.280e-04	3.366e-04	3.439e-04	3.501e-04	3.553e-04	3.596e-04	3.629e-04	3.654e-04	3.684e-04	3.697e-04	3.704e-04	3.709e-04	3.712e-04	3.715e-04	3.717e-04	3.718e-04
2.239e+00	2.900e-07	5.877e-07	8.932e-07	1.206e-06	1.527e-06	1.855e-06	2.191e-06	2.536e-06	2.888e-06	3.248e-06	3.616e-06	5.170e-06	7.296e-06	9.632e-06	1.218e-05	1.494e-05	1.791e-05	2.142e-05	2.518e-05	2.917e-05	3.341e-05	3.790e-05	4.263e-05	4.761e-05	5.283e-05	5.830e-05	6.400e-05	6.994e-05	7.610e-05	1.052e-04	1.369e-04	1.697e-04	2.018e-04	2.323e-04	2.608e-04	2.873e-04	3.119e-04	3.345e-04	3.551e-04	3.735e-04	3.897e-04	4.036e-04	4.155e-04	4.256e-04	4.339e-04	4.408e-04	4.464e-04	4.507e-04	4.538e-04	4.577e-04	4.594e-04	4.603e-04	4.609e-04	4.613e-04	4.616e-04	4.619e-04	4.622e-04
2.512e+00	3.127e-07	6.336e-07	9.628e-07	1.300e-06	1.645e-06	1.998e-06	2.360e-06	2.731e-06	3.110e-06	3.497e-06	3.892e-06	5.561e-06	7.841e-06	1.034e-05	1.307e-05	1.602e-05	1.920e-05	2.296e-05	2.698e-05	3.126e-05	3.581e-05	4.063e-05	4.573e-05	5.110e-05	5.675e-05	6.268e-05	6.887e-05	7.534e-05	8.207e-05	1.142e-04	1.504e-04	1.890e-04	2.287e-04	2.684e-04	3.076e-04	3.454e-04	3.811e-04	4.140e-04	4.435e-04	4.695e-04	4.919e-04	5.109e-04	5.269e-04	5.401e-04	5.510e-04	5.598e-04	5.670e-04	5.725e-04	5.764e-04	5.816e-04	5.838e-04	5.850e-04	5.859e-04	5.865e-04	5.875e-04	5.892e-04	5.914e-04
2.818e+00	3.361e-07	6.808e-07	1.034e-06	1.396e-06	1.766e-06	2.145e-06	2.533e-06	2.930e-06	3.336e-06	3.750e-06	4.174e-06	5.958e-06	8.392e-06	1.106e-05	1.396e-05	1.711e-05	2.050e-05	2.451e-05	2.879e-05	3.337e-05	3.825e-05	4.342e-05	4.890e-05	5.469e-05	6.080e-05	6.723e-05	7.399e-05	8.110e-05	8.856e-05	1.251e-04	1.679e-04	2.161e-04	2.682e-04	3.227e-04	3.777e-04	4.312e-04	4.815e-04	5.273e-04	5.678e-04	6.030e-04	6.328e-04	6.579e-04	6.787e-04	6.957e-04	7.097e-04	7.210e-04	7.300e-04	7.370e-04	7.421e-04	7.489e-04	7.520e-04	7.538e-04	7.561e-04	7.602e-04	7.670e-04	7.755e-04	7.834e-04
3.162e+00	3.597e-07	7.286e-07	1.107e-06	1.493e-06	1.889e-06	2.293e-06	2.707e-06	3.131e-06	3.563e-06	4.005e-06	4.455e-06	6.354e-06	8.941e-06	1.177e-05	1.485e-05	1.819e-05	2.179e-05	2.605e-05	3.061e-05	3.550e-05	4.071e-05	4.626e-05	5.217e-05	5.846e-05	6.514e-05	7.225e-05	7.980e-05	8.783e-05	9.636e-05	1.396e-04	1.933e-04	2.567e-04	3.276e-04	4.028e-04	4.789e-04	5.524e-04	6.207e-04	6.821e-04	7.359e-04	7.819e-04	8.207e-04	8.530e-04	8.795e-04	9.013e-04	9.189e-04	9.332e-04	9.447e-04	9.536e-04	9.602e-04	9.694e-04	9.753e-04	9.837e-04	9.983e-04	1.020e-03	1.045e-03	1.070e-03	1.089e-03
3.548e+00	3.833e-07	7.760e-07	1.178e-06	1.590e-06	2.010e-06	2.440e-06	2.879e-06	3.329e-06	3.788e-06	4.256e-06	4.733e-06	6.744e-06	9.481e-06	1.247e-05	1.573e-05	1.926e-05	2.307e-05	2.759e-05	3.245e-05	3.768e-05	4.330e-05	4.933e-05	5.583e-05	6.282e-05	7.035e-05	7.847e-05	8.723e-05	9.671e-05	1.069e-04	1.610e-04	2.317e-04	3.173e-04	4.138e-04	5.160e-04	6.183e-04	7.161e-04	8.060e-04	8.860e-04	9.556e-04	1.015e-03	1.064e-03	1.105e-03	1.139e-03	1.166e-03	1.188e-03	1.206e-03	1.221e-03	1.233e-03	1.242e-03	1.264e-03	1.293e-03	1.336e-03	1.394e-03	1.458e-03	1.521e-03	1.574e-03	1.609e-03
3.981e+00	4.063e-07	8.223e-07	1.248e-06	1.683e-06	2.128e-06	2.582e-06	3.047e-06	3.521e-06	4.006e-06	4.500e-06	5.003e-06	7.123e-06	1.000e-05	1.315e-05	1.659e-05	2.031e-05	2.436e-05	2.919e-05	3.444e-05	4.013e-05	4.634e-05	5.309e-05	6.048e-05	6.857e-05	7.745e-05	8.722e-05	9.796e-05	1.098e-04	1.228e-04	1.937e-04	2.886e-04	4.041e-04	5.334e-04	6.686e-04	8.026e-04	9.294e-04	1.045e-03	1.147e-03	1.236e-03	1.310e-03	1.373e-03	1.424e-03	1.466e-03	1.501e-03	1.529e-03	1.554e-03	1.578e-03	1.603e-03	1.631e-03	1.725e-03	1.844e-03	1.983e-03	2.131e-03	2.274e-03	2.397e-03	2.490e-03	2.548e-03
4.467e+00	4.284e-07	8.669e-07	1.315e-06	1.774e-06	2.241e-06	2.719e-06	3.207e-06	3.706e-06	4.215e-06	4.734e-06	5.263e-06	7.488e-06	1.052e-05	1.384e-05	1.747e-05	2.145e-05	2.581e-05	3.109e-05	3.690e-05	4.333e-05	5.046e-05	5.838e-05	6.724e-05	7.715e-05	8.823e-05	1.007e-04	1.145e-04	1.300e-04	1.471e-04	2.420e-04	3.694e-04	5.228e-04	6.921e-04	8.669e-04	1.038e-03	1.200e-03	1.346e-03	1.474e-03	1.585e-03	1.679e-03	1.757e-03	1.821e-03	1.877e-03	1.927e-03	1.980e-03	2.041e-03	2.117e-03	2.208e-03	2.315e-03	2.625e-03	2.951e-03	3.270e-03	3.570e-03	3.829e-03	4.035e-03	4.180e-03	4.266e-03
5.012e+00	4.498e-07	9.099e-07	1.381e-06	1.861e-06	2.352e-06	2.853e-06	3.365e-06	3.888e-06	4.422e-06	4.967e-06	5.522e-06	7.863e-06	1.106e-05	1.460e-05	1.851e-05	2.286e-05	2.771e-05	3.370e-05	4.045e-05	4.809e-05	5.676e-05	6.660e-05	7.781e-05	9.057e-05	1.050e-04	1.214e-04	1.399e-04	1.605e-04	1.835e-04	3.107e-04	4.792e-04	6.788e-04	8.959e-04	1.118e-03	1.333e-03	1.535e-03	1.718e-03	1.878e-03	2.016e-03	2.134e-03	2.238e-03	2.337e-03	2.443e-03	2.572e-03	2.734e-03	2.937e-03	3.179e-03	3.453e-03	3.747e-03	4.498e-03	5.181e-03	5.782e-03	6.297e-03	6.710e-03	7.020e-03	7.229e-03	7.347e-03
5.623e+00	4.721e-07	9.552e-07	1.449e-06	1.954e-06	2.470e-06	2.997e-06	3.537e-06	4.088e-06	4.652e-06	5.228e-06	5.816e-06	8.305e-06	1.174e-05	1.560e-05	1.996e-05	2.491e-05	3.058e-05	3.777e-05	4.606e-05	5.564e-05	6.673e-05	7.953e-05	9.428e-05	1.112e-04	1.305e-04	1.525e-04	1.772e-04	2.049e-04	2.356e-04	4.038e-04	6.226e-04	8.776e-04	1.151e-03	1.428e-03	1.696e-03	1.946e-03	2.173e-03	2.374e-03	2.558e-03	2.739e-03	2.938e-03	3.176e-03	3.475e-03	3.853e-03	4.316e-03	4.854e-03	5.449e-03	6.074e-03	6.702e-03	8.169e-03	9.381e-03	1.037e-02	1.116e-02	1.176e-02	1.219e-02	1.248e-02	1.263e-02
6.310e+00	4.991e-07	1.011e-06	1.535e-06	2.071e-06	2.619e-06	3.181e-06	3.757e-06	4.348e-06	4.953e-06	5.572e-06	6.208e-06	8.921e-06	1.274e-05	1.713e-05	2.223e-05	2.818e-05	3.519e-05	4.427e-05	5.496e-05	6.749e-05	8.217e-05	9.922e-05	1.190e-04	1.417e-04	1.675e-04	1.968e-04	2.297e-04	2.664e-04	3.069e-04	5.257e-04	8.049e-04	1.125e-03	1.466e-03	1.807e-03	2.138e-03	2.449e-03	2.745e-03	3.045e-03	3.380e-03	3.782e-03	4.282e-03	4.909e-03	5.680e-03	6.598e-03	7.645e-03	8.785e-03	9.968e-03	1.115e-02	1.228e-02	1.477e-02	1.668e-02	1.815e-02	1.927e-02	2.009e-02	2.066e-02	2.102e-02	2.122e-02
7.079e+00	5.378e-07	1.090e-06	1.658e-06	2.241e-06	2.838e-06	3.454e-06	4.087e-06	4.740e-06	5.411e-06	6.102e-06	6.814e-06	9.895e-06	1.434e-05	1.961e-05	2.590e-05	3.344e-05	4.251e-05	5.444e-05	6.863e-05	8.538e-05	1.051e-04	1.279e-04	1.543e-04	1.846e-04	2.189e-04	2.576e-04	3.007e-04	3.485e-04	4.010e-04	6.808e-04	1.032e-03	1.430e-03	1.848e-03	2.269e-03	2.689e-03	3.126e-03	3.621e-03	4.225e-03	4.989e-03	5.949e-03	7.129e-03	8.544e-03	1.019e-02	1.203e-02	1.401e-02	1.607e-02	1.810e-02	2.006e-02	2.187e-02	2.567e-02	2.844e-02	3.048e-02	3.198e-02	3.305e-02	3.377e-02	3.422e-02	3.445e-02
7.943e+00	5.989e-07	1.217e-06	1.855e-06	2.513e-06	3.191e-06	3.893e-06	4.620e-06	5.374e-06	6.154e-06	6.962e-06	7.799e-06	1.148e-05	1.694e-05	2.359e-05	3.171e-05	4.163e-05	5.369e-05	6.967e-05	8.872e-05	1.112e-04	1.375e-04	1.680e-04	2.029e-04	2.427e-04	2.876e-04	3.378e-04	3.934e-04	4.547e-04	5.217e-04	8.742e-04	1.310e-03	1.800e-03	2.321e-03	2.874e-03	3.504e-03	4.291e-03	5.316e-03	6.646e-03	8.325e-03	1.036e-02	1.276e-02	1.548e-02	1.848e-02	2.169e-02	2.500e-02	2.829e-02	3.145e-02	3.439e-02	3.706e-02	4.244e-02	4.620e-02	4.888e-02	5.080e-02	5.213e-02	5.301e-02	5.355e-02	5.383e-02
8.913e+00	6.975e-07	1.421e-06	2.173e-06	2.953e-06	3.761e-06	4.603e-06	5.481e-06	6.397e-06	7.351e-06	8.343e-06	9.379e-06	1.400e-05	2.102e-05	2.974e-05	4.054e-05	5.383e-05	7.005e-05	9.153e-05	1.171e-04	1.470e-04	1.818e-04	2.219e-04	2.675e-04	3.190e-04	3.767e-04	4.409e-04	5.116e-04	5.891e-04	6.733e-04	1.112e-03	1.652e-03	2.272e-03	2.987e-03	3.863e-03	5.032e-03	6.632e-03	8.758e-03	1.146e-02	1.473e-02	1.852e-02	2.277e-02	2.740e-02	3.229e-02	3.733e-02	4.234e-02	4.718e-02	5.171e-02	5.583e-02	5.949e-02	6.669e-02	7.156e-02	7.494e-02	7.730e-02	7.891e-02	7.996e-02	8.059e-02	8.092e-02
1.000e+01	8.539e-07	1.745e-06	2.676e-06	3.647e-06	4.660e-06	5.720e-06	6.832e-06	7.999e-06	9.219e-06	1.050e-05	1.183e-05	1.787e-05	2.718e-05	3.887e-05	5.341e-05	7.131e-05	9.308e-05	1.218e-04	1.556e-04	1.950e-04	2.405e-04	2.923e-04	3.510e-04	4.168e-04	4.900e-04	5.709e-04	6.596e-04	7.564e-04	8.612e-04	1.408e-03	2.107e-03	3.001e-03	4.176e-03	5.800e-03	8.096e-03	1.123e-02	1.526e-02	2.015e-02	2.584e-02	3.216e-02	3.898e-02	4.613e-02	5.344e-02	6.073e-02	6.780e-02	7.447e-02	8.058e-02	8.605e-02	9.083e-02	1.000e-01	1.061e-01	1.102e-01	1.131e-01	1.150e-01	1.162e-01	1.169e-01	1.173e-01
1.122e+01	1.094e-06	2.241e-06	3.445e-06	4.706e-06	6.026e-06	7.415e-06	8.875e-06	1.042e-05	1.203e-05	1.373e-05	1.551e-05	2.359e-05	3.613e-05	5.191e-05	7.150e-05	9.548e-05	1.245e-04	1.623e-04	2.066e-04	2.577e-04	3.162e-04	3.824e-04	4.568e-04	5.398e-04	6.317e-04	7.329e-04	8.438e-04	9.650e-04	1.097e-03	1.820e-03	2.867e-03	4.377e-03	6.528e-03	9.599e-03	1.388e-02	1.949e-02	2.641e-02	3.448e-02	4.349e-02	5.316e-02	6.323e-02	7.349e-02	8.369e-02	9.362e-02	1.031e-01	1.118e-01	1.197e-01	1.266e-01	1.326e-01	1.440e-01	1.513e-01	1.562e-01	1.596e-01	1.618e-01	1.632e-01	1.640e-01	1.645e-01
1.259e+01	1.449e-06	2.973e-06	4.578e-06	6.263e-06	8.032e-06	9.895e-06	1.186e-05	1.393e-05	1.611e-05	1.840e-05	2.081e-05	3.175e-05	4.870e-05	6.995e-05	9.615e-05	1.280e-04	1.660e-04	2.153e-04	2.725e-04	3.380e-04	4.124e-04	4.962e-04	5.903e-04	6.954e-04	8.125e-04	9.433e-04	1.089e-03	1.253e-03	1.437e-03	2.545e-03	4.341e-03	7.063e-03	1.099e-02	1.648e-02	2.383e-02	3.307e-02	4.399e-02	5.626e-02	6.950e-02	8.328e-02	9.725e-02	1.111e-01	1.247e-01	1.376e-01	1.496e-01	1.606e-01	1.704e-01	1.789e-01	1.862e-01	1.999e-01	2.086e-01	2.143e-01	2.182e-01	2.207e-01	2.224e-01	2.233e-01	2.238e-01
1.412e+01	1.960e-06	4.024e-06	6.200e-06	8.486e-06	1.089e-05	1.342e-05	1.609e-05	1.890e-05	2.186e-05	2.497e-05	2.824e-05	4.304e-05	6.587e-05	9.424e-05	1.289e-04	1.706e-04	2.200e-04	2.835e-04	3.569e-04	4.409e-04	5.371e-04	6.469e-04	7.725e-04	9.164e-04	1.082e-03	1.272e-03	1.492e-03	1.749e-03	2.048e-03	3.963e-03	7.165e-03	1.198e-02	1.876e-02	2.789e-02	3.958e-02	5.367e-02	6.973e-02	8.720e-02	1.055e-01	1.241e-01	1.425e-01	1.605e-01	1.777e-01	1.938e-01	2.087e-01	2.221e-01	2.339e-01	2.442e-01	2.529e-01	2.689e-01	2.791e-01	2.857e-01	2.902e-01	2.931e-01	2.950e-01	2.961e-01	2.967e-01
1.585e+01	2.674e-06	5.488e-06	8.454e-06	1.157e-05	1.484e-05	1.828e-05	2.191e-05	2.573e-05	2.974e-05	3.394e-05	3.835e-05	5.826e-05	8.871e-05	1.262e-04	1.716e-04	2.260e-04	2.907e-04	3.748e-04	4.739e-04	5.907e-04	7.284e-04	8.908e-04	1.083e-03	1.310e-03	1.579e-03	1.898e-03	2.276e-03	2.725e-03	3.253e-03	6.649e-03	1.219e-02	2.027e-02	3.122e-02	4.536e-02	6.273e-02	8.292e-02	1.052e-01	1.288e-01	1.530e-01	1.769e-01	2.003e-01	2.227e-01	2.439e-01	2.635e-01	2.814e-01	2.974e-01	3.114e-01	3.234e-01	3.336e-01	3.523e-01	3.641e-01	3.717e-01	3.769e-01	3.802e-01	3.824e-01	3.837e-01	3.843e-01
1.778e+01	3.643e-06	7.473e-06	1.150e-05	1.573e-05	2.016e-05	2.482e-05	2.971e-05	3.486e-05	4.024e-05	4.589e-05	5.180e-05	7.837e-05	1.188e-04	1.688e-04	2.303e-04	3.060e-04	3.992e-04	5.250e-04	6.790e-04	8.660e-04	1.093e-03	1.366e-03	1.696e-03	2.092e-03	2.567e-03	3.135e-03	3.808e-03	4.604e-03	5.536e-03	1.136e-02	2.046e-02	3.320e-02	4.979e-02	7.038e-02	9.479e-02	1.223e-01	1.518e-01	1.823e-01	2.129e-01	2.428e-01	2.715e-01	2.987e-01	3.241e-01	3.474e-01	3.686e-01	3.873e-01	4.037e-01	4.178e-01	4.296e-01	4.514e-01	4.649e-01	4.737e-01	4.796e-01	4.835e-01	4.860e-01	4.875e-01	4.882e-01
1.995e+01	4.942e-06	1.013e-05	1.559e-05	2.130e-05	2.729e-05	3.359e-05	4.021e-05	4.718e-05	5.448e-05	6.215e-05	7.020e-05	1.067e-04	1.639e-04	2.376e-04	3.326e-04	4.549e-04	6.108e-04	8.262e-04	1.094e-03	1.423e-03	1.824e-03	2.309e-03	2.895e-03	3.598e-03	4.436e-03	5.430e-03	6.595e-03	7.955e-03	9.524e-03	1.899e-02	3.310e-02	5.204e-02	7.581e-02	1.043e-01	1.370e-01	1.728e-01	2.104e-01	2.485e-01	2.862e-01	3.225e-01	3.570e-01	3.893e-01	4.193e-01	4.467e-01	4.715e-01	4.934e-01	5.125e-01	5.288e-01	5.426e-01	5.677e-01	5.834e-01	5.935e-01	6.002e-01	6.047e-01	6.075e-01	6.092e-01	6.100e-01
2.239e+01	6.947e-06	1.427e-05	2.202e-05	3.021e-05	3.885e-05	4.801e-05	5.769e-05	6.802e-05	7.893e-05	9.049e-05	1.028e-04	1.600e-04	2.539e-04	3.805e-04	5.487e-04	7.681e-04	1.049e-03	1.436e-03	1.914e-03	2.497e-03	3.205e-03	4.054e-03	5.070e-03	6.275e-03	7.691e-03	9.346e-03	1.126e-02	1.346e-02	1.596e-02	3.050e-02	5.122e-02	7.799e-02	1.105e-01	1.482e-01	1.904e-01	2.355e-01	2.819e-01	3.284e-01	3.737e-01	4.170e-01	4.578e-01	4.959e-01	5.310e-01	5.631e-01	5.920e-01	6.175e-01	6.397e-01	6.587e-01	6.746e-01	7.036e-01	7.215e-01	7.331e-01	7.408e-01	7.458e-01	7.490e-01	7.509e-01	7.519e-01
2.512e+01	1.119e-05	2.310e-05	3.583e-05	4.942e-05	6.391e-05	7.943e-05	9.599e-05	1.138e-04	1.328e-04	1.531e-04	1.748e-04	2.777e-04	4.498e-04	6.831e-04	9.914e-04	1.388e-03	1.889e-03	2.569e-03	3.400e-03	4.401e-03	5.600e-03	7.020e-03	8.693e-03	1.065e-02	1.291e-02	1.552e-02	1.849e-02	2.185e-02	2.562e-02	4.687e-02	7.588e-02	1.121e-01	1.548e-01	2.031e-01	2.557e-01	3.110e-01	3.671e-01	4.227e-01	4.765e-01	5.276e-01	5.757e-01	6.204e-01	6.616e-01	6.990e-01	7.327e-01	7.623e-01	7.880e-01	8.099e-01	8.283e-01	8.617e-01	8.821e-01	8.953e-01	9.040e-01	9.097e-01	9.133e-01	9.155e-01	9.165e-01
2.818e+01	2.051e-05	4.243e-05	6.598e-05	9.118e-05	1.181e-04	1.471e-04	1.780e-04	2.114e-04	2.469e-04	2.849e-04	3.256e-04	5.177e-04	8.352e-04	1.258e-03	1.804e-03	2.493e-03	3.347e-03	4.489e-03	5.863e-03	7.495e-03	9.420e-03	1.167e-02	1.428e-02	1.728e-02	2.072e-02	2.461e-02	2.899e-02	3.388e-02	3.930e-02	6.896e-02	1.080e-01	1.552e-01	2.095e-01	2.695e-01	3.337e-01	4.003e-01	4.673e-01	5.332e-01	5.968e-01	6.570e-01	7.135e-01	7.659e-01	8.140e-01	8.577e-01	8.967e-01	9.311e-01	9.607e-01	9.859e-01	1.007e+00	1.045e+00	1.068e+00	1.083e+00	1.093e+00	1.100e+00	1.104e+00	1.106e+00	1.107e+00
3.162e+01	3.864e-05	7.987e-05	1.241e-04	1.712e-04	2.216e-04	2.755e-04	3.329e-04	3.944e-04	4.598e-04	5.295e-04	6.037e-04	9.497e-04	1.509e-03	2.233e-03	3.150e-03	4.285e-03	5.665e-03	7.482e-03	9.635e-03	1.216e-02	1.509e-02	1.847e-02	2.234e-02	2.674e-02	3.169e-02	3.725e-02	4.342e-02	5.024e-02	5.771e-02	9.753e-02	1.482e-01	2.081e-01	2.753e-01	3.484e-01	4.257e-01	5.051e-01	5.847e-01	6.627e-01	7.377e-01	8.086e-01	8.749e-01	9.362e-01	9.923e-01	1.043e+00	1.088e+00	1.128e+00	1.162e+00	1.191e+00	1.215e+00	1.258e+00	1.285e+00	1.301e+00	1.312e+00	1.320e+00	1.324e+00	1.327e+00	1.328e+00
3.548e+01	7.001e-05	1.444e-04	2.238e-04	3.081e-04	3.976e-04	4.929e-04	5.939e-04	7.016e-04	8.155e-04	9.360e-04	1.064e-03	1.651e-03	2.577e-03	3.751e-03	5.206e-03	6.974e-03	9.091e-03	1.184e-02	1.505e-02	1.876e-02	2.302e-02	2.787e-02	3.336e-02	3.952e-02	4.639e-02	5.400e-02	6.237e-02	7.152e-02	8.146e-02	1.332e-01	1.973e-01	2.714e-01	3.533e-01	4.415e-01	5.339e-01	6.285e-01	7.228e-01	8.151e-01	9.035e-01	9.869e-01	1.065e+00	1.136e+00	1.201e+00	1.260e+00	1.312e+00	1.357e+00	1.396e+00	1.429e+00	1.456e+00	1.505e+00	1.535e+00	1.554e+00	1.566e+00	1.574e+00	1.579e+00	1.582e+00	1.584e+00
3.981e+01	1.194e-04	2.456e-04	3.795e-04	5.211e-04	6.706e-04	8.289e-04	9.958e-04	1.173e-03	1.359e-03	1.555e-03	1.761e-03	2.699e-03	4.149e-03	5.950e-03	8.144e-03	1.077e-02	1.387e-02	1.784e-02	2.242e-02	2.765e-02	3.360e-02	4.029e-02	4.778e-02	5.611e-02	6.530e-02	7.539e-02	8.638e-02	9.828e-02	1.111e-01	1.767e-01	2.561e-01	3.466e-01	4.457e-01	5.516e-01	6.621e-01	7.746e-01	8.864e-01	9.954e-01	1.100e+00	1.197e+00	1.288e+00	1.371e+00	1.446e+00	1.513e+00	1.572e+00	1.624e+00	1.668e+00	1.705e+00	1.736e+00	1.792e+00	1.825e+00	1.846e+00	1.860e+00	1.869e+00	1.875e+00	1.878e+00	1.879e+00
4.467e+01	1.912e-04	3.926e-04	6.052e-04	8.288e-04	1.064e-03	1.312e-03	1.572e-03	1.846e-03	2.133e-03	2.434e-03	2.751e-03	4.171e-03	6.330e-03	8.966e-03	1.213e-02	1.586e-02	2.022e-02	2.574e-02	3.204e-02	3.916e-02	4.718e-02	5.611e-02	6.602e-02	7.694e-02	8.888e-02	1.019e-01	1.159e-01	1.311e-01	1.473e-01	2.289e-01	3.262e-01	4.361e-01	5.558e-01	6.829e-01	8.150e-01	9.487e-01	1.081e+00	1.210e+00	1.332e+00	1.446e+00	1.550e+00	1.646e+00	1.732e+00	1.809e+00	1.877e+00	1.935e+00	1.985e+00	2.027e+00	2.062e+00	2.124e+00	2.161e+00	2.184e+00	2.200e+00	2.210e+00	2.216e+00	2.219e+00	2.221e+00
5.012e+01	2.900e-04	5.942e-04	9.140e-04	1.249e-03	1.600e-03	1.968e-03	2.354e-03	2.758e-03	3.181e-03	3.622e-03	4.084e-03	6.139e-03	9.219e-03	1.293e-02	1.732e-02	2.244e-02	2.836e-02	3.578e-02	4.418e-02	5.360e-02	6.410e-02	7.572e-02	8.850e-02	1.025e-01	1.177e-01	1.341e-01	1.518e-01	1.707e-01	1.908e-01	2.914e-01	4.102e-01	5.436e-01	6.881e-01	8.409e-01	9.985e-01	1.157e+00	1.314e+00	1.464e+00	1.607e+00	1.739e+00	1.860e+00	1.969e+00	2.067e+00	2.155e+00	2.231e+00	2.297e+00	2.353e+00	2.400e+00	2.439e+00	2.508e+00	2.549e+00	2.575e+00	2.592e+00	2.603e+00	2.610e+00	2.614e+00	2.616e+00
5.623e+01	4.199e-04	8.590e-04	1.319e-03	1.800e-03	2.302e-03	2.826e-03	3.374e-03	3.946e-03	4.543e-03	5.164e-03	5.812e-03	8.676e-03	1.292e-02	1.796e-02	2.387e-02	3.070e-02	3.852e-02	4.825e-02	5.917e-02	7.133e-02	8.480e-02	9.960e-02	1.158e-01	1.334e-01	1.525e-01	1.730e-01	1.950e-01	2.184e-01	2.433e-01	3.670e-01	5.120e-01	6.739e-01	8.484e-01	1.032e+00	1.220e+00	1.407e+00	1.591e+00	1.767e+00	1.932e+00	2.084e+00	2.222e+00	2.347e+00	2.459e+00	2.557e+00	2.643e+00	2.716e+00	2.779e+00	2.831e+00	2.875e+00	2.951e+00	2.997e+00	3.025e+00	3.044e+00	3.056e+00	3.063e+00	3.067e+00	3.070e+00
6.310e+01	5.853e-04	1.196e-03	1.834e-03	2.498e-03	3.190e-03	3.912e-03	4.663e-03	5.447e-03	6.261e-03	7.108e-03	7.987e-03	1.186e-02	1.752e-02	2.420e-02	3.196e-02	4.086e-02	5.097e-02	6.347e-02	7.743e-02	9.289e-02	1.099e-01	1.286e-01	1.489e-01	1.710e-01	1.948e-01	2.203e-01	2.476e-01	2.766e-01	3.074e-01	4.593e-01	6.365e-01	8.330e-01	1.044e+00	1.263e+00	1.486e+00	1.707e+00	1.921e+00	2.124e+00	2.314e+00	2.488e+00	2.646e+00	2.788e+00	2.913e+00	3.023e+00	3.119e+00	3.201e+00	3.271e+00	3.329e+00	3.376e+00	3.461e+00	3.511e+00	3.542e+00	3.563e+00	3.576e+00	3.584e+00	3.588e+00	3.590e+00
7.079e+01	7.911e-04	1.615e-03	2.473e-03	3.366e-03	4.293e-03	5.258e-03	6.261e-03	7.305e-03	8.387e-03	9.510e-03	1.067e-02	1.577e-02	2.318e-02	3.185e-02	4.185e-02	5.326e-02	6.615e-02	8.205e-02	9.973e-02	1.193e-01	1.407e-01	1.642e-01	1.896e-01	2.172e-01	2.469e-01	2.786e-01	3.125e-01	3.484e-01	3.864e-01	5.733e-01	7.896e-01	1.028e+00	1.281e+00	1.542e+00	1.805e+00	2.063e+00	2.312e+00	2.546e+00	2.763e+00	2.961e+00	3.140e+00	3.299e+00	3.439e+00	3.562e+00	3.669e+00	3.759e+00	3.836e+00	3.900e+00	3.952e+00	4.045e+00	4.099e+00	4.134e+00	4.156e+00	4.170e+00	4.178e+00	4.183e+00	4.185e+00
7.943e+01	1.044e-03	2.129e-03	3.258e-03	4.430e-03	5.646e-03	6.910e-03	8.220e-03	9.582e-03	1.099e-02	1.245e-02	1.397e-02	2.057e-02	3.011e-02	4.121e-02	5.398e-02	6.851e-02	8.488e-02	1.050e-01	1.274e-01	1.520e-01	1.790e-01	2.084e-01	2.403e-01	2.748e-01	3.118e-01	3.513e-01	3.934e-01	4.379e-01	4.849e-01	7.146e-01	9.781e-01	1.266e+00	1.568e+00	1.877e+00	2.186e+00	2.486e+00	2.772e+00	3.040e+00	3.287e+00	3.510e+00	3.710e+00	3.888e+00	4.045e+00	4.181e+00	4.298e+00	4.398e+00	4.482e+00	4.552e+00	4.609e+00	4.710e+00	4.770e+00	4.807e+00	4.830e+00	4.845e+00	4.854e+00	4.859e+00	4.862e+00
8.913e+01	1.355e-03	2.761e-03	4.224e-03	5.740e-03	7.312e-03	8.943e-03	1.063e-02	1.239e-02	1.421e-02	1.609e-02	1.803e-02	2.650e-02	3.871e-02	5.288e-02	6.915e-02	8.762e-02	1.084e-01	1.339e-01	1.621e-01	1.932e-01	2.272e-01	2.642e-01	3.043e-01	3.474e-01	3.935e-01	4.427e-01	4.949e-01	5.501e-01	6.081e-01	8.897e-01	1.209e+00	1.555e+00	1.914e+00	2.278e+00	2.636e+00	2.982e+00	3.310e+00	3.614e+00	3.893e+00	4.143e+00	4.367e+00	4.564e+00	4.737e+00	4.887e+00	5.016e+00	5.125e+00	5.217e+00	5.293e+00	5.355e+00	5.464e+00	5.528e+00	5.568e+00	5.593e+00	5.609e+00	5.618e+00	5.624e+00	5.626e+00
1.000e+02	1.574e-03	3.205e-03	4.911e-03	6.693e-03	8.551e-03	1.049e-02	1.253e-02	1.465e-02	1.687e-02	1.918e-02	2.158e-02	3.212e-02	4.744e-02	6.551e-02	8.667e-02	1.110e-01	1.384e-01	1.691e-01	2.035e-01	2.416e-01	2.835e-01	3.295e-01	3.795e-01	4.337e-01	4.917e-01	5.536e-01	6.196e-01	6.894e-01	7.629e-01	1.091e+00	1.465e+00	1.869e+00	2.286e+00	2.708e+00	3.123e+00	3.521e+00	3.899e+00	4.247e+00	4.566e+00	4.852e+00	5.101e+00	5.318e+00	5.505e+00	5.666e+00	5.804e+00	5.918e+00	6.012e+00	6.088e+00	6.148e+00	6.251e+00	1.000e+10	1.000e+10	1.000e+10	1.000e+10	1.000e+10	1.000e+10	1.000e+10
1.122e+02	2.042e-03	4.159e-03	6.370e-03	8.678e-03	1.108e-02	1.360e-02	1.623e-02	1.897e-02	2.183e-02	2.481e-02	2.791e-02	4.149e-02	6.120e-02	8.437e-02	1.115e-01	1.425e-01	1.774e-01	2.165e-01	2.601e-01	3.084e-01	3.613e-01	4.191e-01	4.820e-01	5.496e-01	6.219e-01	6.988e-01	7.805e-01	8.666e-01	9.569e-01	1.357e+00	1.806e+00	2.286e+00	2.775e+00	3.265e+00	3.741e+00	4.194e+00	4.621e+00	5.011e+00	5.366e+00	5.682e+00	5.956e+00	6.193e+00	6.398e+00	6.573e+00	6.721e+00	6.845e+00	6.946e+00	7.027e+00	7.091e+00	7.201e+00	1.000e+10	1.000e+10	1.000e+10	1.000e+10	1.000e+10	1.000e+10	1.000e+10
1.259e+02	2.647e-03	5.390e-03	8.253e-03	1.124e-02	1.436e-02	1.761e-02	2.100e-02	2.455e-02	2.824e-02	3.209e-02	3.608e-02	5.358e-02	7.893e-02	1.087e-01	1.433e-01	1.829e-01	2.274e-01	2.771e-01	3.323e-01	3.932e-01	4.598e-01	5.322e-01	6.106e-01	6.947e-01	7.842e-01	8.792e-01	9.796e-01	1.085e+00	1.195e+00	1.679e+00	2.215e+00	2.780e+00	3.349e+00	3.912e+00	4.455e+00	4.966e+00	5.444e+00	5.878e+00	6.270e+00	6.617e+00	6.917e+00	7.175e+00	7.397e+00	7.585e+00	7.744e+00	7.876e+00	7.983e+00	8.070e+00	8.137e+00	8.253e+00	1.000e+10	1.000e+10	1.000e+10	1.000e+10	1.000e+10	1.000e+10	1.000e+10
1.412e+02	3.433e-03	6.989e-03	1.070e-02	1.457e-02	1.860e-02	2.281e-02	2.721e-02	3.179e-02	3.656e-02	4.153e-02	4.668e-02	6.923e-02	1.018e-01	1.399e-01	1.842e-01	2.346e-01	2.911e-01	3.540e-01	4.235e-01	4.999e-01	5.832e-01	6.734e-01	7.706e-01	8.744e-01	9.846e-01	1.101e+00	1.223e+00	1.352e+00	1.485e+00	2.065e+00	2.699e+00	3.358e+00	4.013e+00	4.656e+00	5.270e+00	5.843e+00	6.374e+00	6.854e+00	7.284e+00	7.661e+00	7.986e+00	8.265e+00	8.503e+00	8.704e+00	8.872e+00	9.012e+00	9.125e+00	9.216e+00	9.288e+00	9.410e+00	1.000e+10	1.000e+10	1.000e+10	1.000e+10	1.000e+10	1.000e+10	1.000e+10
1.585e+02	4.456e-03	9.070e-03	1.388e-02	1.890e-02	2.412e-02	2.957e-02	3.525e-02	4.117e-02	4.734e-02	5.374e-02	6.038e-02	8.941e-02	1.312e-01	1.799e-01	2.363e-01	3.001e-01	3.714e-01	4.505e-01	5.376e-01	6.329e-01	7.363e-01	8.478e-01	9.673e-01	1.095e+00	1.229e+00	1.370e+00	1.518e+00	1.673e+00	1.833e+00	2.521e+00	3.263e+00	4.025e+00	4.775e+00	5.503e+00	6.191e+00	6.829e+00	7.415e+00	7.940e+00	8.407e+00	8.815e+00	9.164e+00	9.462e+00	9.714e+00	9.927e+00	1.011e+01	1.025e+01	1.037e+01	1.047e+01	1.054e+01	1.067e+01	1.000e+10	1.000e+10	1.000e+10	1.000e+10	1.000e+10	1.000e+10	1.000e+10
1.778e+02	5.778e-03	1.176e-02	1.799e-02	2.448e-02	3.123e-02	3.826e-02	4.560e-02	5.323e-02	6.116e-02	6.940e-02	7.794e-02	1.152e-01	1.686e-01	2.305e-01	3.018e-01	3.822e-01	4.716e-01	5.703e-01	6.785e-01	7.963e-01	9.236e-01	1.060e+00	1.206e+00	1.360e+00	1.523e+00	1.693e+00	1.870e+00	2.054e+00	2.244e+00	3.054e+00	3.915e+00	4.789e+00	5.639e+00	6.456e+00	7.222e+00	7.925e+00	8.566e+00	9.135e+00	9.638e+00	1.007e+01	1.045e+01	1.076e+01	1.103e+01	1.125e+01	1.144e+01	1.159e+01	1.172e+01	1.182e+01	1.189e+01	1.203e+01	1.000e+10	1.000e+10	1.000e+10	1.000e+10	1.000e+10	1.000e+10	1.000e+10
1.995e+02	7.466e-03	1.519e-02	2.322e-02	3.159e-02	4.028e-02	4.932e-02	5.873e-02	6.852e-02	7.868e-02	8.922e-02	1.001e-01	1.476e-01	2.154e-01	2.936e-01	3.830e-01	4.835e-01	5.946e-01	7.167e-01	8.500e-01	9.943e-01	1.149e+00	1.315e+00	1.491e+00	1.676e+00	1.870e+00	2.073e+00	2.283e+00	2.500e+00	2.724e+00	3.668e+00	4.657e+00	5.650e+00	6.606e+00	7.515e+00	8.359e+00	9.126e+00	9.821e+00	1.043e+01	1.097e+01	1.143e+01	1.182e+01	1.215e+01	1.243e+01	1.267e+01	1.286e+01	1.302e+01	1.315e+01	1.326e+01	1.334e+01	1.348e+01	1.000e+10	1.000e+10	1.000e+10	1.000e+10	1.000e+10	1.000e+10	1.000e+10
2.239e+02	9.593e-03	1.950e-02	2.981e-02	4.051e-02	5.163e-02	6.318e-02	7.519e-02	8.766e-02	1.006e-01	1.140e-01	1.278e-01	1.879e-01	2.733e-01	3.711e-01	4.824e-01	6.067e-01	7.436e-01	8.932e-01	1.056e+00	1.231e+00	1.418e+00	1.616e+00	1.826e+00	2.047e+00	2.276e+00	2.515e+00	2.762e+00	3.016e+00	3.276e+00	4.365e+00	5.493e+00	6.610e+00	7.674e+00	8.675e+00	9.596e+00	1.043e+01	1.117e+01	1.182e+01	1.239e+01	1.287e+01	1.328e+01	1.363e+01	1.392e+01	1.416e+01	1.437e+01	1.453e+01	1.467e+01	1.478e+01	1.486e+01	1.501e+01	1.000e+10	1.000e+10	1.000e+10	1.000e+10	1.000e+10	1.000e+10	1.000e+10
2.512e+02	1.223e-02	2.486e-02	3.796e-02	5.157e-02	6.567e-02	8.031e-02	9.550e-02	1.113e-01	1.276e-01	1.444e-01	1.619e-01	2.372e-01	3.436e-01	4.650e-01	6.020e-01	7.543e-01	9.210e-01	1.102e+00	1.298e+00	1.508e+00	1.731e+00	1.967e+00	2.215e+00	2.474e+00	2.744e+00	3.022e+00	3.309e+00	3.602e+00	3.903e+00	5.147e+00	6.419e+00	7.663e+00	8.834e+00	9.925e+00	1.092e+01	1.181e+01	1.260e+01	1.328e+01	1.388e+01	1.439e+01	1.482e+01	1.518e+01	1.548e+01	1.573e+01	1.594e+01	1.611e+01	1.625e+01	1.637e+01	1.646e+01	1.663e+01	1.000e+10	1.000e+10	1.000e+10	1.000e+10	1.000e+10	1.000e+10	1.000e+10
2.818e+02	1.546e-02	3.139e-02	4.791e-02	6.504e-02	8.276e-02	1.011e-01	1.202e-01	1.399e-01	1.602e-01	1.813e-01	2.030e-01	2.964e-01	4.278e-01	5.766e-01	7.436e-01	9.280e-01	1.129e+00	1.346e+00	1.580e+00	1.828e+00	2.092e+00	2.369e+00	2.659e+00	2.961e+00	3.273e+00	3.594e+00	3.924e+00	4.260e+00	4.603e+00	6.010e+00	7.428e+00	8.799e+00	1.007e+01	1.125e+01	1.231e+01	1.325e+01	1.409e+01	1.481e+01	1.543e+01	1.595e+01	1.640e+01	1.677e+01	1.708e+01	1.735e+01	1.757e+01	1.775e+01	1.790e+01	1.803e+01	1.813e+01	1.834e+01	1.000e+10	1.000e+10	1.000e+10	1.000e+10	1.000e+10	1.000e+10	1.000e+10
3.162e+02	1.934e-02	3.923e-02	5.983e-02	8.114e-02	1.032e-01	1.260e-01	1.496e-01	1.739e-01	1.991e-01	2.250e-01	2.518e-01	3.665e-01	5.268e-01	7.072e-01	9.084e-01	1.129e+00	1.369e+00	1.626e+00	1.901e+00	2.193e+00	2.501e+00	2.823e+00	3.158e+00	3.506e+00	3.863e+00	4.230e+00	4.605e+00	4.986e+00	5.373e+00	6.945e+00	8.508e+00	1.000e+01	1.138e+01	1.263e+01	1.376e+01	1.475e+01	1.562e+01	1.636e+01	1.701e+01	1.755e+01	1.801e+01	1.840e+01	1.873e+01	1.901e+01	1.924e+01	1.945e+01	1.963e+01	1.978e+01	1.992e+01	2.020e+01	1.000e+10	1.000e+10	1.000e+10	1.000e+10	1.000e+10	1.000e+10	1.000e+10
3.548e+02	2.390e-02	4.846e-02	7.385e-02	1.001e-01	1.272e-01	1.551e-01	1.840e-01	2.138e-01	2.446e-01	2.762e-01	3.087e-01	4.479e-01	6.413e-01	8.575e-01	1.097e+00	1.359e+00	1.641e+00	1.942e+00	2.263e+00	2.602e+00	2.957e+00	3.327e+00	3.710e+00	4.105e+00	4.510e+00	4.924e+00	5.345e+00	5.772e+00	6.203e+00	7.939e+00	9.643e+00	1.125e+01	1.272e+01	1.405e+01	1.523e+01	1.626e+01	1.716e+01	1.794e+01	1.860e+01	1.917e+01	1.965e+01	2.006e+01	2.042e+01	2.073e+01	2.101e+01	2.126e+01	2.149e+01	2.169e+01	2.188e+01	2.227e+01	1.000e+10	1.000e+10	1.000e+10	1.000e+10	1.000e+10	1.000e+10	1.000e+10
3.981e+02	2.921e-02	5.916e-02	9.009e-02	1.220e-01	1.549e-01	1.888e-01	2.238e-01	2.598e-01	2.969e-01	3.350e-01	3.742e-01	5.410e-01	7.717e-01	1.028e+00	1.310e+00	1.616e+00	1.944e+00	2.293e+00	2.663e+00	3.051e+00	3.455e+00	3.875e+00	4.308e+00	4.752e+00	5.206e+00	5.667e+00	6.134e+00	6.606e+00	7.081e+00	8.976e+00	1.081e+01	1.253e+01	1.408e+01	1.547e+01	1.670e+01	1.777e+01	1.871e+01	1.951e+01	2.020e+01	2.081e+01	2.133e+01	2.179e+01	2.220e+01	2.259e+01	2.294e+01	2.327e+01	2.357e+01	2.385e+01	2.411e+01	2.466e+01	1.000e+10	1.000e+10	1.000e+10	1.000e+10	1.000e+10	1.000e+10	1.000e+10
4.467e+02	3.526e-02	7.137e-02	1.086e-01	1.469e-01	1.864e-01	2.270e-01	2.689e-01	3.119e-01	3.561e-01	4.015e-01	4.481e-01	6.458e-01	9.175e-01	1.217e+00	1.545e+00	1.899e+00	2.276e+00	2.675e+00	3.096e+00	3.535e+00	3.990e+00	4.461e+00	4.943e+00	5.436e+00	5.938e+00	6.446e+00	6.958e+00	7.473e+00	7.990e+00	1.004e+01	1.200e+01	1.381e+01	1.543e+01	1.688e+01	1.816e+01	1.927e+01	2.024e+01	2.109e+01	2.184e+01	2.250e+01	2.310e+01	2.366e+01	2.418e+01	2.467e+01	2.514e+01	2.558e+01	2.599e+01	2.638e+01	2.673e+01	2.748e+01	1.000e+10	1.000e+10	1.000e+10	1.000e+10	1.000e+10	1.000e+10	1.000e+10
5.012e+02	4.204e-02	8.504e-02	1.293e-01	1.748e-01	2.216e-01	2.697e-01	3.191e-01	3.698e-01	4.219e-01	4.753e-01	5.300e-01	7.613e-01	1.077e+00	1.424e+00	1.800e+00	2.204e+00	2.632e+00	3.083e+00	3.555e+00	4.045e+00	4.552e+00	5.072e+00	5.604e+00	6.145e+00	6.693e+00	7.245e+00	7.801e+00	8.357e+00	8.913e+00	1.110e+01	1.317e+01	1.507e+01	1.675e+01	1.826e+01	1.958e+01	2.075e+01	2.179e+01	2.272e+01	2.357e+01	2.436e+01	2.509e+01	2.579e+01	2.647e+01	2.713e+01	2.776e+01	2.835e+01	2.890e+01	2.941e+01	2.988e+01	3.088e+01	1.000e+10	1.000e+10	1.000e+10	1.000e+10	1.000e+10	1.000e+10	1.000e+10
5.623e+02	4.950e-02	1.001e-01	1.520e-01	2.053e-01	2.601e-01	3.162e-01	3.739e-01	4.330e-01	4.936e-01	5.556e-01	6.190e-01	8.862e-01	1.249e+00	1.644e+00	2.071e+00	2.525e+00	3.005e+00	3.508e+00	4.031e+00	4.572e+00	5.129e+00	5.698e+00	6.276e+00	6.863e+00	7.454e+00	8.049e+00	8.645e+00	9.239e+00	9.832e+00	1.214e+01	1.431e+01	1.628e+01	1.803e+01	1.960e+01	2.100e+01	2.225e+01	2.342e+01	2.449e+01	2.552e+01	2.650e+01	2.743e+01	2.834e+01	2.923e+01	3.010e+01	3.093e+01	3.171e+01	3.244e+01	3.311e+01	3.373e+01	3.501e+01	1.000e+10	1.000e+10	1.000e+10	1.000e+10	1.000e+10	1.000e+10	1.000e+10
6.310e+02	5.752e-02	1.162e-01	1.764e-01	2.381e-01	3.013e-01	3.660e-01	4.324e-01	5.003e-01	5.698e-01	6.409e-01	7.134e-01	1.018e+00	1.429e+00	1.874e+00	2.351e+00	2.857e+00	3.388e+00	3.941e+00	4.514e+00	5.104e+00	5.708e+00	6.323e+00	6.946e+00	7.575e+00	8.208e+00	8.841e+00	9.473e+00	1.010e+01	1.073e+01	1.315e+01	1.540e+01	1.745e+01	1.928e+01	2.094e+01	2.246e+01	2.389e+01	2.525e+01	2.655e+01	2.783e+01	2.907e+01	3.028e+01	3.146e+01	3.262e+01	3.376e+01	3.485e+01	3.587e+01	3.680e+01	3.766e+01	3.845e+01	4.005e+01	1.000e+10	1.000e+10	1.000e+10	1.000e+10	1.000e+10	1.000e+10	1.000e+10
7.079e+02	6.596e-02	1.331e-01	2.019e-01	2.723e-01	3.444e-01	4.180e-01	4.934e-01	5.705e-01	6.492e-01	7.295e-01	8.114e-01	1.154e+00	1.614e+00	2.108e+00	2.636e+00	3.191e+00	3.772e+00	4.374e+00	4.995e+00	5.631e+00	6.280e+00	6.937e+00	7.601e+00	8.268e+00	8.937e+00	9.604e+00	1.027e+01	1.093e+01	1.158e+01	1.410e+01	1.644e+01	1.858e+01	2.053e+01	2.236e+01	2.409e+01	2.576e+01	2.742e+01	2.904e+01	3.066e+01	3.226e+01	3.382e+01	3.535e+01	3.684e+01	3.831e+01	3.970e+01	4.098e+01	4.216e+01	4.323e+01	4.420e+01	4.616e+01	1.000e+10	1.000e+10	1.000e+10	1.000e+10	1.000e+10	1.000e+10	1.000e+10
7.943e+02	7.463e-02	1.505e-01	2.281e-01	3.074e-01	3.884e-01	4.712e-01	5.557e-01	6.420e-01	7.300e-01	8.196e-01	9.109e-01	1.292e+00	1.800e+00	2.343e+00	2.918e+00	3.522e+00	4.150e+00	4.797e+00	5.462e+00	6.141e+00	6.830e+00	7.526e+00	8.225e+00	8.926e+00	9.627e+00	1.033e+01	1.102e+01	1.170e+01	1.238e+01	1.500e+01	1.745e+01	1.974e+01	2.189e+01	2.396e+01	2.600e+01	2.803e+01	3.008e+01	3.214e+01	3.420e+01	3.625e+01	3.824e+01	4.018e+01	4.207e+01	4.390e+01	4.564e+01	4.722e+01	4.867e+01	4.998e+01	5.116e+01	5.352e+01	1.000e+10	1.000e+10	1.000e+10	1.000e+10	1.000e+10	1.000e+10	1.000e+10
8.913e+02	8.337e-02	1.680e-01	2.545e-01	3.427e-01	4.326e-01	5.244e-01	6.180e-01	7.134e-01	8.106e-01	9.095e-01	1.010e+00	1.428e+00	1.983e+00	2.572e+00	3.194e+00	3.842e+00	4.513e+00	5.203e+00	5.907e+00	6.624e+00	7.349e+00	8.078e+00	8.809e+00	9.541e+00	1.027e+01	1.100e+01	1.172e+01	1.243e+01	1.314e+01	1.588e+01	1.849e+01	2.100e+01	2.344e+01	2.588e+01	2.834e+01	3.085e+01	3.343e+01	3.602e+01	3.863e+01	4.121e+01	4.371e+01	4.613e+01	4.847e+01	5.072e+01	5.284e+01	5.476e+01	5.651e+01	5.808e+01	5.948e+01	6.228e+01	1.000e+10	1.000e+10	1.000e+10	1.000e+10	1.000e+10	1.000e+10	1.000e+10
1.000e+03	9.202e-02	1.853e-01	2.805e-01	3.774e-01	4.762e-01	5.768e-01	6.792e-01	7.835e-01	8.895e-01	9.973e-01	1.107e+00	1.560e+00	2.160e+00	2.792e+00	3.456e+00	4.145e+00	4.855e+00	5.582e+00	6.322e+00	7.072e+00	7.829e+00	8.589e+00	9.350e+00	1.011e+01	1.087e+01	1.163e+01	1.238e+01	1.312e+01	1.386e+01	1.678e+01	1.963e+01	2.247e+01	2.532e+01	2.825e+01	3.127e+01	3.440e+01	3.762e+01	4.086e+01	4.412e+01	4.732e+01	5.040e+01	5.336e+01	5.620e+01	5.892e+01	6.146e+01	6.376e+01	6.584e+01	6.770e+01	6.935e+01	7.263e+01	1.000e+10	1.000e+10	1.000e+10	1.000e+10	1.000e+10	1.000e+10	1.000e+10
