#E_gam (GeV), z=0.1,0.2,0.3,0.4,0.5,0.6,0.7,0.8,0.9,1,1.1,1.2,1.3,1.4,1.5,1.6,1.7,1.8,1.9,2,2.1,2.2,2.3,2.4,2.5,2.6,2.7,2.8,2.9,3,3.1,3.2,3.3,3.4,3.5,3.6,3.7,3.8,3.9,4,4.1,4.2,4.3,4.4,4.5,4.6,4.7,4.8,4.9,5
6.31e+00 0.000e+00 0.000e+00 0.000e+00 0.000e+00 0.000e+00 0.000e+00 0.000e+00 0.000e+00 0.000e+00 0.000e+00 0.000e+00 0.000e+00 0.000e+00 0.000e+00 0.000e+00 0.000e+00 0.000e+00 0.000e+00 0.000e+00 0.000e+00 0.000e+00 0.000e+00 0.000e+00 0.000e+00 0.000e+00 0.000e+00 0.000e+00 0.000e+00 0.000e+00 0.000e+00 0.000e+00 0.000e+00 0.000e+00 0.000e+00 0.000e+00 0.000e+00 0.000e+00 0.000e+00 0.000e+00 0.000e+00 0.000e+00 0.000e+00 0.000e+00 0.000e+00 0.000e+00 0.000e+00 0.000e+00 0.000e+00 0.000e+00 0.000e+00
9.55e+00 0.000e+00 0.000e+00 0.000e+00 0.000e+00 0.000e+00 0.000e+00 0.000e+00 0.000e+00 0.000e+00 0.000e+00 0.000e+00 0.000e+00 0.000e+00 0.000e+00 0.000e+00 0.000e+00 0.000e+00 0.000e+00 0.000e+00 0.000e+00 0.000e+00 0.000e+00 0.000e+00 0.000e+00 0.000e+00 0.000e+00 0.000e+00 0.000e+00 0.000e+00 0.000e+00 1.000e-03 2.000e-03 3.000e-03 5.000e-03 7.000e-03 9.000e-03 1.100e-02 1.400e-02 1.800e-02 2.000e-02 2.100e-02 2.600e-02 2.800e-02 3.000e-02 3.300e-02 3.600e-02 3.800e-02 4.100e-02 4.400e-02 4.400e-02
1.45e+01 0.000e+00 0.000e+00 0.000e+00 0.000e+00 0.000e+00 0.000e+00 0.000e+00 0.000e+00 0.000e+00 0.000e+00 0.000e+00 0.000e+00 0.000e+00 0.000e+00 0.000e+00 0.000e+00 1.000e-03 3.000e-03 7.000e-03 1.200e-02 1.800e-02 2.600e-02 3.100e-02 4.100e-02 4.700e-02 5.600e-02 6.400e-02 7.500e-02 8.200e-02 9.300e-02 1.010e-01 1.100e-01 1.220e-01 1.310e-01 1.370e-01 1.420e-01 1.560e-01 1.610e-01 1.700e-01 1.760e-01 1.820e-01 1.880e-01 1.970e-01 1.980e-01 2.000e-01 2.090e-01 2.170e-01 2.210e-01 2.190e-01 2.240e-01
2.19e+01 0.000e+00 0.000e+00 0.000e+00 0.000e+00 0.000e+00 0.000e+00 0.000e+00 2.000e-03 7.000e-03 1.600e-02 3.100e-02 4.700e-02 6.300e-02 8.200e-02 1.050e-01 1.220e-01 1.480e-01 1.650e-01 1.950e-01 2.150e-01 2.340e-01 2.630e-01 2.800e-01 3.010e-01 3.260e-01 3.460e-01 3.620e-01 3.810e-01 4.010e-01 4.230e-01 4.370e-01 4.460e-01 4.680e-01 4.890e-01 5.080e-01 5.150e-01 5.300e-01 5.430e-01 5.570e-01 5.730e-01 5.800e-01 5.990e-01 6.090e-01 6.130e-01 6.160e-01 6.190e-01 6.400e-01 6.530e-01 6.600e-01 6.620e-01
3.31e+01 0.000e+00 0.000e+00 2.000e-03 6.000e-03 1.600e-02 3.200e-02 5.700e-02 9.100e-02 1.310e-01 1.780e-01 2.290e-01 2.780e-01 3.250e-01 3.750e-01 4.160e-01 4.630e-01 5.090e-01 5.580e-01 5.980e-01 6.460e-01 6.870e-01 7.320e-01 7.780e-01 8.140e-01 8.540e-01 8.900e-01 9.300e-01 9.700e-01 9.990e-01 1.036e+00 1.067e+00 1.089e+00 1.119e+00 1.160e+00 1.180e+00 1.213e+00 1.234e+00 1.257e+00 1.278e+00 1.294e+00 1.311e+00 1.333e+00 1.340e+00 1.360e+00 1.377e+00 1.398e+00 1.415e+00 1.418e+00 1.426e+00 1.432e+00
5.01e+01 4.000e-03 1.400e-02 3.200e-02 6.300e-02 1.040e-01 1.580e-01 2.220e-01 2.970e-01 3.820e-01 4.750e-01 5.720e-01 6.700e-01 7.630e-01 8.540e-01 9.460e-01 1.036e+00 1.125e+00 1.212e+00 1.296e+00 1.377e+00 1.460e+00 1.540e+00 1.611e+00 1.687e+00 1.755e+00 1.828e+00 1.890e+00 1.958e+00 2.021e+00 2.069e+00 2.126e+00 2.178e+00 2.231e+00 2.286e+00 2.325e+00 2.363e+00 2.400e+00 2.436e+00 2.475e+00 2.503e+00 2.539e+00 2.569e+00 2.587e+00 2.602e+00 2.618e+00 2.658e+00 2.676e+00 2.698e+00 2.710e+00 2.725e+00
7.59e+01 2.100e-02 5.500e-02 1.070e-01 1.780e-01 2.670e-01 3.770e-01 5.090e-01 6.610e-01 8.260e-01 1.002e+00 1.184e+00 1.365e+00 1.545e+00 1.721e+00 1.894e+00 2.063e+00 2.229e+00 2.388e+00 2.542e+00 2.693e+00 2.838e+00 2.975e+00 3.107e+00 3.229e+00 3.348e+00 3.466e+00 3.576e+00 3.676e+00 3.772e+00 3.863e+00 3.948e+00 4.019e+00 4.107e+00 4.190e+00 4.266e+00 4.325e+00 4.376e+00 4.439e+00 4.491e+00 4.542e+00 4.590e+00 4.638e+00 4.688e+00 4.721e+00 4.751e+00 4.786e+00 4.817e+00 4.841e+00 4.865e+00 4.889e+00
1.15e+02 5.300e-02 1.320e-01 2.440e-01 3.940e-01 5.840e-01 8.150e-01 1.086e+00 1.388e+00 1.711e+00 2.048e+00 2.390e+00 2.729e+00 3.053e+00 3.371e+00 3.666e+00 3.958e+00 4.242e+00 4.513e+00 4.775e+00 5.020e+00 5.260e+00 5.492e+00 5.709e+00 5.916e+00 6.113e+00 6.308e+00 6.483e+00 6.652e+00 6.811e+00 6.969e+00 7.119e+00 7.250e+00 7.379e+00 7.505e+00 7.618e+00 7.720e+00 7.822e+00 7.921e+00 8.010e+00 8.098e+00 8.179e+00 8.251e+00 8.307e+00 8.363e+00 8.414e+00 8.468e+00 8.517e+00 8.564e+00 8.599e+00 8.624e+00
1.74e+02 1.240e-01 3.040e-01 5.540e-01 8.780e-01 1.273e+00 1.731e+00 2.242e+00 2.797e+00 3.379e+00 3.973e+00 4.569e+00 5.153e+00 5.716e+00 6.263e+00 6.776e+00 7.275e+00 7.753e+00 8.208e+00 8.641e+00 9.054e+00 9.448e+00 9.819e+00 1.017e+01 1.051e+01 1.082e+01 1.112e+01 1.139e+01 1.166e+01 1.190e+01 1.213e+01 1.235e+01 1.254e+01 1.273e+01 1.291e+01 1.307e+01 1.322e+01 1.335e+01 1.348e+01 1.360e+01 1.372e+01 1.383e+01 1.393e+01 1.401e+01 1.407e+01 1.414e+01 1.420e+01 1.427e+01 1.433e+01 1.437e+01 1.441e+01
2.63e+02 2.870e-01 6.860e-01 1.207e+00 1.855e+00 2.616e+00 3.469e+00 4.399e+00 5.380e+00 6.387e+00 7.397e+00 8.391e+00 9.346e+00 1.025e+01 1.111e+01 1.191e+01 1.267e+01 1.338e+01 1.405e+01 1.469e+01 1.527e+01 1.583e+01 1.635e+01 1.683e+01 1.729e+01 1.771e+01 1.811e+01 1.847e+01 1.882e+01 1.914e+01 1.945e+01 1.973e+01 1.998e+01 2.022e+01 2.046e+01 2.068e+01 2.087e+01 2.106e+01 2.124e+01 2.141e+01 2.157e+01 2.173e+01 2.188e+01 2.199e+01 2.210e+01 2.219e+01 2.230e+01 2.241e+01 2.251e+01 2.259e+01 2.266e+01
3.98e+02 6.100e-01 1.407e+00 2.396e+00 3.568e+00 4.886e+00 6.311e+00 7.798e+00 9.313e+00 1.082e+01 1.228e+01 1.369e+01 1.501e+01 1.625e+01 1.740e+01 1.846e+01 1.947e+01 2.039e+01 2.126e+01 2.207e+01 2.282e+01 2.353e+01 2.420e+01 2.483e+01 2.542e+01 2.597e+01 2.649e+01 2.699e+01 2.746e+01 2.790e+01 2.832e+01 2.871e+01 2.908e+01 2.945e+01 2.981e+01 3.015e+01 3.046e+01 3.075e+01 3.103e+01 3.131e+01 3.158e+01 3.185e+01 3.210e+01 3.233e+01 3.253e+01 3.272e+01 3.291e+01 3.310e+01 3.327e+01 3.341e+01 3.354e+01
6.03e+02 1.106e+00 2.469e+00 4.072e+00 5.875e+00 7.808e+00 9.812e+00 1.183e+01 1.384e+01 1.578e+01 1.765e+01 1.943e+01 2.111e+01 2.266e+01 2.412e+01 2.546e+01 2.673e+01 2.792e+01 2.904e+01 3.010e+01 3.110e+01 3.206e+01 3.297e+01 3.384e+01 3.468e+01 3.548e+01 3.625e+01 3.700e+01 3.772e+01 3.840e+01 3.907e+01 3.971e+01 4.033e+01 4.094e+01 4.154e+01 4.211e+01 4.264e+01 4.313e+01 4.362e+01 4.409e+01 4.454e+01 4.497e+01 4.537e+01 4.574e+01 4.607e+01 4.638e+01 4.669e+01 4.697e+01 4.724e+01 4.746e+01 4.766e+01
9.12e+02 1.677e+00 3.626e+00 5.798e+00 8.135e+00 1.057e+01 1.307e+01 1.557e+01 1.804e+01 2.046e+01 2.279e+01 2.503e+01 2.714e+01 2.913e+01 3.102e+01 3.279e+01 3.451e+01 3.614e+01 3.771e+01 3.922e+01 4.068e+01 4.210e+01 4.347e+01 4.480e+01 4.607e+01 4.730e+01 4.851e+01 4.968e+01 5.079e+01 5.186e+01 5.287e+01 5.386e+01 5.481e+01 5.574e+01 5.664e+01 5.750e+01 5.830e+01 5.903e+01 5.975e+01 6.043e+01 6.109e+01 6.172e+01 6.231e+01 6.285e+01 6.336e+01 6.382e+01 6.426e+01 6.467e+01 6.504e+01 6.538e+01 6.568e+01
1.38e+03 2.160e+00 4.576e+00 7.212e+00 1.002e+01 1.295e+01 1.598e+01 1.907e+01 2.218e+01 2.527e+01 2.832e+01 3.127e+01 3.411e+01 3.683e+01 3.945e+01 4.194e+01 4.438e+01 4.672e+01 4.899e+01 5.119e+01 5.332e+01 5.539e+01 5.737e+01 5.930e+01 6.117e+01 6.297e+01 6.469e+01 6.637e+01 6.797e+01 6.949e+01 7.096e+01 7.240e+01 7.378e+01 7.511e+01 7.639e+01 7.762e+01 7.878e+01 7.989e+01 8.096e+01 8.198e+01 8.295e+01 8.388e+01 8.474e+01 8.556e+01 8.633e+01 8.704e+01 8.772e+01 8.835e+01 8.895e+01 8.948e+01 8.995e+01
2.09e+03 2.543e+00 5.375e+00 8.487e+00 1.186e+01 1.546e+01 1.928e+01 2.326e+01 2.735e+01 3.148e+01 3.559e+01 3.960e+01 4.349e+01 4.724e+01 5.087e+01 5.433e+01 5.772e+01 6.100e+01 6.418e+01 6.727e+01 7.027e+01 7.320e+01 7.603e+01 7.877e+01 8.143e+01 8.402e+01 8.652e+01 8.894e+01 9.128e+01 9.353e+01 9.572e+01 9.786e+01 9.991e+01 1.019e+02 1.038e+02 1.057e+02 1.075e+02 1.092e+02 1.109e+02 1.125e+02 1.140e+02 1.155e+02 1.169e+02 1.183e+02 1.196e+02 1.208e+02 1.220e+02 1.231e+02 1.242e+02 1.253e+02 1.263e+02
3.16e+03 2.967e+00 6.367e+00 1.021e+01 1.447e+01 1.911e+01 2.409e+01 2.934e+01 3.478e+01 4.034e+01 4.590e+01 5.138e+01 5.673e+01 6.188e+01 6.692e+01 7.175e+01 7.651e+01 8.114e+01 8.567e+01 9.011e+01 9.445e+01 9.873e+01 1.029e+02 1.070e+02 1.110e+02 1.150e+02 1.188e+02 1.227e+02 1.265e+02 1.303e+02 1.341e+02 1.380e+02 1.418e+02 1.457e+02 1.496e+02 1.537e+02 1.577e+02 1.618e+02 1.660e+02 1.703e+02 1.747e+02 1.791e+02 1.835e+02 1.880e+02 1.925e+02 1.969e+02 2.014e+02 2.057e+02 2.100e+02 2.142e+02 2.181e+02
4.79e+03 3.652e+00 7.934e+00 1.284e+01 1.834e+01 2.439e+01 3.096e+01 3.797e+01 4.534e+01 5.296e+01 6.069e+01 6.841e+01 7.603e+01 8.349e+01 9.094e+01 9.829e+01 1.058e+02 1.134e+02 1.212e+02 1.293e+02 1.377e+02 1.464e+02 1.555e+02 1.650e+02 1.750e+02 1.853e+02 1.961e+02 2.073e+02 2.189e+02 2.310e+02 2.436e+02 2.567e+02 2.703e+02 2.843e+02 2.988e+02 3.138e+02 3.291e+02 3.447e+02 3.607e+02 3.767e+02 3.926e+02 4.085e+02 4.240e+02 4.394e+02 4.543e+02 4.687e+02 4.824e+02 4.956e+02 5.080e+02 5.195e+02 5.303e+02
7.24e+03 4.592e+00 1.004e+01 1.637e+01 2.359e+01 3.167e+01 4.067e+01 5.073e+01 6.197e+01 7.454e+01 8.842e+01 1.036e+02 1.198e+02 1.371e+02 1.555e+02 1.750e+02 1.960e+02 2.184e+02 2.426e+02 2.687e+02 2.966e+02 3.266e+02 3.584e+02 3.917e+02 4.264e+02 4.623e+02 4.990e+02 5.366e+02 5.746e+02 6.133e+02 6.522e+02 6.916e+02 7.308e+02 7.699e+02 8.092e+02 8.477e+02 8.852e+02 9.226e+02 9.587e+02 9.935e+02 1.027e+03 1.059e+03 1.090e+03 1.119e+03 1.146e+03 1.172e+03 1.196e+03 1.218e+03 1.239e+03 1.257e+03 1.274e+03
1.10e+04 5.911e+00 1.320e+01 2.216e+01 3.324e+01 4.716e+01 6.503e+01 8.809e+01 1.175e+02 1.538e+02 1.969e+02 2.460e+02 2.996e+02 3.565e+02 4.168e+02 4.791e+02 5.452e+02 6.135e+02 6.851e+02 7.589e+02 8.352e+02 9.131e+02 9.924e+02 1.071e+03 1.151e+03 1.230e+03 1.307e+03 1.383e+03 1.458e+03 1.530e+03 1.602e+03 1.671e+03 1.739e+03 1.803e+03 1.865e+03 1.927e+03 1.985e+03 2.040e+03 2.093e+03 2.144e+03 2.191e+03 2.236e+03 2.279e+03 2.318e+03 2.354e+03 2.388e+03 2.419e+03 2.448e+03 2.476e+03 2.500e+03 2.521e+03
1.66e+04 9.009e+00 2.191e+01 4.092e+01 6.935e+01 1.104e+02 1.666e+02 2.396e+02 3.294e+02 4.345e+02 5.514e+02 6.761e+02 8.051e+02 9.351e+02 1.068e+03 1.199e+03 1.332e+03 1.465e+03 1.598e+03 1.730e+03 1.861e+03 1.991e+03 2.118e+03 2.242e+03 2.363e+03 2.480e+03 2.593e+03 2.701e+03 2.806e+03 2.906e+03 3.002e+03 3.095e+03 3.182e+03 3.266e+03 3.346e+03 3.423e+03 3.495e+03 3.563e+03 3.627e+03 3.686e+03 3.744e+03 3.796e+03 3.844e+03 3.887e+03 3.929e+03 3.968e+03 4.002e+03 4.035e+03 4.063e+03 4.088e+03 4.111e+03
2.51e+04 2.203e+01 5.835e+01 1.149e+02 1.969e+02 3.058e+02 4.414e+02 6.019e+02 7.837e+02 9.818e+02 1.190e+03 1.402e+03 1.614e+03 1.821e+03 2.026e+03 2.223e+03 2.418e+03 2.608e+03 2.793e+03 2.972e+03 3.146e+03 3.316e+03 3.478e+03 3.633e+03 3.782e+03 3.924e+03 4.057e+03 4.187e+03 4.308e+03 4.422e+03 4.529e+03 4.635e+03 4.732e+03 4.822e+03 4.910e+03 4.991e+03 5.066e+03 5.135e+03 5.202e+03 5.262e+03 5.317e+03 5.370e+03 5.420e+03 5.464e+03 5.503e+03 5.539e+03 5.572e+03 5.603e+03 5.631e+03 5.655e+03 5.675e+03
3.80e+04 5.965e+01 1.503e+02 2.761e+02 4.383e+02 6.348e+02 8.616e+02 1.114e+03 1.386e+03 1.671e+03 1.960e+03 2.245e+03 2.521e+03 2.786e+03 3.042e+03 3.282e+03 3.518e+03 3.740e+03 3.954e+03 4.157e+03 4.353e+03 4.537e+03 4.711e+03 4.876e+03 5.033e+03 5.181e+03 5.317e+03 5.447e+03 5.568e+03 5.682e+03 5.788e+03 5.888e+03 5.981e+03 6.067e+03 6.148e+03 6.224e+03 6.295e+03 6.358e+03 6.419e+03 6.475e+03 6.528e+03 6.574e+03 6.615e+03 6.653e+03 6.688e+03 6.720e+03 6.749e+03 6.775e+03 6.799e+03 6.821e+03 6.840e+03
5.75e+04 1.185e+02 2.789e+02 4.816e+02 7.240e+02 1.000e+03 1.303e+03 1.627e+03 1.961e+03 2.300e+03 2.633e+03 2.954e+03 3.259e+03 3.544e+03 3.818e+03 4.069e+03 4.311e+03 4.538e+03 4.752e+03 4.952e+03 5.140e+03 5.319e+03 5.484e+03 5.638e+03 5.785e+03 5.920e+03 6.046e+03 6.163e+03 6.272e+03 6.371e+03 6.466e+03 6.556e+03 6.636e+03 6.711e+03 6.782e+03 6.847e+03 6.906e+03 6.960e+03 7.011e+03 7.056e+03 7.100e+03 7.139e+03 7.175e+03 7.207e+03 7.235e+03 7.260e+03 7.284e+03 7.307e+03 7.327e+03 7.344e+03 7.359e+03
8.71e+04 1.793e+02 4.035e+02 6.684e+02 9.668e+02 1.291e+03 1.632e+03 1.983e+03 2.336e+03 2.684e+03 3.018e+03 3.335e+03 3.631e+03 3.905e+03 4.163e+03 4.398e+03 4.620e+03 4.826e+03 5.018e+03 5.197e+03 5.363e+03 5.518e+03 5.663e+03 5.796e+03 5.921e+03 6.037e+03 6.143e+03 6.242e+03 6.332e+03 6.415e+03 6.493e+03 6.567e+03 6.632e+03 6.694e+03 6.751e+03 6.804e+03 6.852e+03 6.897e+03 6.939e+03 6.975e+03 7.009e+03 7.040e+03 7.067e+03 7.092e+03 7.115e+03 7.134e+03 7.153e+03 7.172e+03 7.189e+03 7.203e+03 7.215e+03
1.32e+05 2.239e+02 4.866e+02 7.801e+02 1.096e+03 1.427e+03 1.765e+03 2.103e+03 2.435e+03 2.756e+03 3.059e+03 3.342e+03 3.604e+03 3.844e+03 4.069e+03 4.269e+03 4.459e+03 4.633e+03 4.795e+03 4.942e+03 5.079e+03 5.208e+03 5.326e+03 5.435e+03 5.537e+03 5.630e+03 5.714e+03 5.793e+03 5.866e+03 5.932e+03 5.993e+03 6.052e+03 6.104e+03 6.151e+03 6.197e+03 6.239e+03 6.276e+03 6.309e+03 6.341e+03 6.370e+03 6.397e+03 6.421e+03 6.442e+03 6.460e+03 6.477e+03 6.493e+03 6.508e+03 6.521e+03 6.535e+03 6.546e+03 6.555e+03
2.00e+05 2.406e+02 5.088e+02 7.961e+02 1.095e+03 1.400e+03 1.704e+03 2.002e+03 2.290e+03 2.563e+03 2.819e+03 3.056e+03 3.274e+03 3.471e+03 3.654e+03 3.818e+03 3.971e+03 4.111e+03 4.239e+03 4.358e+03 4.467e+03 4.568e+03 4.660e+03 4.746e+03 4.825e+03 4.897e+03 4.963e+03 5.025e+03 5.081e+03 5.131e+03 5.178e+03 5.223e+03 5.263e+03 5.300e+03 5.334e+03 5.366e+03 5.394e+03 5.420e+03 5.444e+03 5.466e+03 5.486e+03 5.504e+03 5.520e+03 5.534e+03 5.546e+03 5.558e+03 5.569e+03 5.580e+03 5.590e+03 5.599e+03 5.606e+03
3.02e+05 2.304e+02 4.775e+02 7.341e+02 9.951e+02 1.255e+03 1.510e+03 1.757e+03 1.992e+03 2.214e+03 2.420e+03 2.609e+03 2.782e+03 2.938e+03 3.081e+03 3.210e+03 3.329e+03 3.437e+03 3.538e+03 3.628e+03 3.712e+03 3.790e+03 3.860e+03 3.925e+03 3.986e+03 4.041e+03 4.091e+03 4.137e+03 4.179e+03 4.217e+03 4.253e+03 4.287e+03 4.317e+03 4.344e+03 4.370e+03 4.394e+03 4.415e+03 4.434e+03 4.452e+03 4.468e+03 4.483e+03 4.495e+03 4.507e+03 4.518e+03 4.527e+03 4.536e+03 4.544e+03 4.552e+03 4.560e+03 4.566e+03 4.571e+03
4.57e+05 2.027e+02 4.139e+02 6.286e+02 8.432e+02 1.054e+03 1.258e+03 1.454e+03 1.639e+03 1.812e+03 1.972e+03 2.118e+03 2.251e+03 2.371e+03 2.481e+03 2.578e+03 2.669e+03 2.751e+03 2.827e+03 2.895e+03 2.958e+03 3.016e+03 3.070e+03 3.118e+03 3.163e+03 3.204e+03 3.241e+03 3.275e+03 3.307e+03 3.335e+03 3.362e+03 3.386e+03 3.408e+03 3.428e+03 3.447e+03 3.464e+03 3.480e+03 3.494e+03 3.507e+03 3.518e+03 3.529e+03 3.538e+03 3.546e+03 3.554e+03 3.561e+03 3.567e+03 3.573e+03 3.578e+03 3.584e+03 3.588e+03 3.591e+03
6.92e+05 1.677e+02 3.390e+02 5.106e+02 6.799e+02 8.444e+02 1.003e+03 1.153e+03 1.295e+03 1.427e+03 1.548e+03 1.658e+03 1.758e+03 1.848e+03 1.931e+03 2.003e+03 2.071e+03 2.132e+03 2.188e+03 2.239e+03 2.285e+03 2.327e+03 2.366e+03 2.402e+03 2.434e+03 2.464e+03 2.491e+03 2.516e+03 2.538e+03 2.558e+03 2.577e+03 2.594e+03 2.609e+03 2.623e+03 2.636e+03 2.648e+03 2.659e+03 2.668e+03 2.677e+03 2.684e+03 2.692e+03 2.698e+03 2.703e+03 2.708e+03 2.713e+03 2.717e+03 2.720e+03 2.724e+03 2.727e+03 2.730e+03 2.732e+03
1.05e+06 1.329e+02 2.670e+02 3.998e+02 5.295e+02 6.547e+02 7.743e+02 8.876e+02 9.937e+02 1.092e+03 1.182e+03 1.263e+03 1.337e+03 1.403e+03 1.462e+03 1.515e+03 1.564e+03 1.608e+03 1.648e+03 1.683e+03 1.716e+03 1.746e+03 1.773e+03 1.797e+03 1.820e+03 1.840e+03 1.858e+03 1.874e+03 1.889e+03 1.902e+03 1.914e+03 1.926e+03 1.935e+03 1.944e+03 1.952e+03 1.960e+03 1.966e+03 1.972e+03 1.977e+03 1.982e+03 1.986e+03 1.989e+03 1.993e+03 1.995e+03 1.998e+03 2.000e+03 2.002e+03 2.004e+03 2.006e+03 2.007e+03 2.009e+03
1.58e+06 1.023e+02 2.044e+02 3.046e+02 4.018e+02 4.950e+02 5.834e+02 6.664e+02 7.434e+02 8.142e+02 8.783e+02 9.360e+02 9.876e+02 1.033e+03 1.075e+03 1.111e+03 1.143e+03 1.173e+03 1.199e+03 1.223e+03 1.244e+03 1.263e+03 1.280e+03 1.295e+03 1.309e+03 1.321e+03 1.332e+03 1.342e+03 1.350e+03 1.358e+03 1.365e+03 1.371e+03 1.377e+03 1.382e+03 1.386e+03 1.390e+03 1.394e+03 1.397e+03 1.400e+03 1.402e+03 1.404e+03 1.406e+03 1.408e+03 1.409e+03 1.410e+03 1.411e+03 1.412e+03 1.413e+03 1.415e+03 1.415e+03 1.416e+03
2.40e+06 7.687e+01 1.528e+02 2.266e+02 2.973e+02 3.642e+02 4.268e+02 4.846e+02 5.374e+02 5.852e+02 6.278e+02 6.657e+02 6.990e+02 7.281e+02 7.541e+02 7.764e+02 7.965e+02 8.142e+02 8.299e+02 8.435e+02 8.557e+02 8.666e+02 8.762e+02 8.846e+02 8.923e+02 8.989e+02 9.047e+02 9.099e+02 9.143e+02 9.183e+02 9.219e+02 9.253e+02 9.280e+02 9.305e+02 9.328e+02 9.349e+02 9.366e+02 9.380e+02 9.394e+02 9.405e+02 9.416e+02 9.425e+02 9.432e+02 9.438e+02 9.444e+02 9.449e+02 9.455e+02 9.461e+02 9.467e+02 9.471e+02 9.475e+02
3.63e+06 5.611e+01 1.106e+02 1.625e+02 2.112e+02 2.562e+02 2.973e+02 3.345e+02 3.677e+02 3.972e+02 4.229e+02 4.453e+02 4.648e+02 4.815e+02 4.961e+02 5.086e+02 5.196e+02 5.292e+02 5.375e+02 5.448e+02 5.510e+02 5.566e+02 5.615e+02 5.658e+02 5.696e+02 5.729e+02 5.757e+02 5.783e+02 5.805e+02 5.824e+02 5.841e+02 5.857e+02 5.870e+02 5.882e+02 5.893e+02 5.902e+02 5.910e+02 5.917e+02 5.923e+02 5.928e+02 5.933e+02 5.936e+02 5.940e+02 5.942e+02 5.945e+02 5.948e+02 5.951e+02 5.954e+02 5.957e+02 5.959e+02 5.960e+02
5.50e+06 3.890e+01 7.561e+01 1.095e+02 1.404e+02 1.681e+02 1.927e+02 2.144e+02 2.334e+02 2.498e+02 2.638e+02 2.758e+02 2.861e+02 2.948e+02 3.023e+02 3.086e+02 3.142e+02 3.189e+02 3.230e+02 3.265e+02 3.295e+02 3.322e+02 3.345e+02 3.365e+02 3.383e+02 3.399e+02 3.412e+02 3.424e+02 3.434e+02 3.442e+02 3.450e+02 3.458e+02 3.464e+02 3.469e+02 3.474e+02 3.478e+02 3.482e+02 3.485e+02 3.488e+02 3.490e+02 3.492e+02 3.494e+02 3.495e+02 3.497e+02 3.498e+02 3.499e+02 3.500e+02 3.502e+02 3.503e+02 3.504e+02 3.505e+02
8.32e+06 2.497e+01 4.768e+01 6.790e+01 8.569e+01 1.012e+02 1.146e+02 1.261e+02 1.359e+02 1.443e+02 1.513e+02 1.573e+02 1.623e+02 1.665e+02 1.701e+02 1.731e+02 1.757e+02 1.779e+02 1.798e+02 1.814e+02 1.828e+02 1.841e+02 1.851e+02 1.860e+02 1.869e+02 1.875e+02 1.881e+02 1.887e+02 1.891e+02 1.895e+02 1.899e+02 1.902e+02 1.905e+02 1.907e+02 1.909e+02 1.911e+02 1.913e+02 1.914e+02 1.915e+02 1.916e+02 1.917e+02 1.918e+02 1.918e+02 1.919e+02 1.920e+02 1.920e+02 1.921e+02 1.921e+02 1.922e+02 1.922e+02 1.923e+02
1.26e+07 1.463e+01 2.740e+01 3.837e+01 4.774e+01 5.568e+01 6.239e+01 6.805e+01 7.281e+01 7.680e+01 8.012e+01 8.291e+01 8.524e+01 8.718e+01 8.882e+01 9.020e+01 9.138e+01 9.238e+01 9.324e+01 9.397e+01 9.459e+01 9.515e+01 9.562e+01 9.602e+01 9.638e+01 9.669e+01 9.696e+01 9.720e+01 9.739e+01 9.757e+01 9.772e+01 9.786e+01 9.798e+01 9.809e+01 9.819e+01 9.827e+01 9.834e+01 9.840e+01 9.845e+01 9.849e+01 9.853e+01 9.856e+01 9.859e+01 9.862e+01 9.864e+01 9.867e+01 9.869e+01 9.872e+01 9.875e+01 9.877e+01 9.878e+01
1.91e+07 7.822e+00 1.440e+01 1.990e+01 2.448e+01 2.829e+01 3.146e+01 3.410e+01 3.630e+01 3.812e+01 3.964e+01 4.090e+01 4.195e+01 4.282e+01 4.355e+01 4.417e+01 4.470e+01 4.514e+01 4.552e+01 4.585e+01 4.612e+01 4.636e+01 4.657e+01 4.675e+01 4.691e+01 4.705e+01 4.716e+01 4.726e+01 4.735e+01 4.743e+01 4.750e+01 4.756e+01 4.762e+01 4.766e+01 4.771e+01 4.774e+01 4.777e+01 4.780e+01 4.782e+01 4.784e+01 4.786e+01 4.787e+01 4.788e+01 4.789e+01 4.790e+01 4.791e+01 4.792e+01 4.794e+01 4.795e+01 4.796e+01 4.796e+01
2.88e+07 3.871e+00 7.043e+00 9.639e+00 1.177e+01 1.352e+01 1.496e+01 1.616e+01 1.714e+01 1.796e+01 1.864e+01 1.920e+01 1.966e+01 2.005e+01 2.037e+01 2.065e+01 2.088e+01 2.107e+01 2.124e+01 2.138e+01 2.150e+01 2.161e+01 2.170e+01 2.178e+01 2.185e+01 2.191e+01 2.196e+01 2.201e+01 2.205e+01 2.208e+01 2.211e+01 2.214e+01 2.216e+01 2.218e+01 2.220e+01 2.222e+01 2.223e+01 2.224e+01 2.225e+01 2.226e+01 2.227e+01 2.227e+01 2.228e+01 2.228e+01 2.229e+01 2.229e+01 2.230e+01 2.230e+01 2.231e+01 2.231e+01 2.231e+01
4.37e+07 1.814e+00 3.276e+00 4.459e+00 5.420e+00 6.205e+00 6.849e+00 7.379e+00 7.816e+00 8.178e+00 8.476e+00 8.723e+00 8.927e+00 9.097e+00 9.240e+00 9.360e+00 9.462e+00 9.546e+00 9.620e+00 9.684e+00 9.738e+00 9.784e+00 9.824e+00 9.858e+00 9.888e+00 9.915e+00 9.937e+00 9.957e+00 9.973e+00 9.989e+00 1.000e+01 1.002e+01 1.003e+01 1.003e+01 1.004e+01 1.005e+01 1.006e+01 1.006e+01 1.007e+01 1.007e+01 1.007e+01 1.007e+01 1.008e+01 1.008e+01 1.008e+01 1.008e+01 1.009e+01 1.009e+01 1.009e+01 1.009e+01 1.009e+01
6.61e+07 8.230e-01 1.479e+00 2.007e+00 2.433e+00 2.781e+00 3.065e+00 3.299e+00 3.491e+00 3.650e+00 3.781e+00 3.889e+00 3.979e+00 4.054e+00 4.117e+00 4.169e+00 4.214e+00 4.252e+00 4.284e+00 4.311e+00 4.335e+00 4.356e+00 4.373e+00 4.388e+00 4.401e+00 4.413e+00 4.422e+00 4.431e+00 4.439e+00 4.445e+00 4.451e+00 4.456e+00 4.461e+00 4.465e+00 4.468e+00 4.471e+00 4.474e+00 4.476e+00 4.478e+00 4.479e+00 4.480e+00 4.481e+00 4.482e+00 4.483e+00 4.484e+00 4.485e+00 4.486e+00 4.487e+00 4.488e+00 4.488e+00 4.489e+00
1.00e+08 3.660e-01 6.570e-01 8.900e-01 1.078e+00 1.231e+00 1.356e+00 1.458e+00 1.543e+00 1.613e+00 1.670e+00 1.718e+00 1.757e+00 1.790e+00 1.817e+00 1.840e+00 1.860e+00 1.876e+00 1.890e+00 1.902e+00 1.912e+00 1.921e+00 1.929e+00 1.935e+00 1.941e+00 1.946e+00 1.950e+00 1.953e+00 1.957e+00 1.960e+00 1.962e+00 1.964e+00 1.966e+00 1.968e+00 1.969e+00 1.971e+00 1.972e+00 1.973e+00 1.974e+00 1.974e+00 1.975e+00 1.976e+00 1.976e+00 1.977e+00 1.977e+00 1.977e+00 1.978e+00 1.978e+00 1.979e+00 1.979e+00 1.979e+00
