#E_gam (GeV), z=0.1,0.2,0.3,0.4,0.5,0.6,0.7,0.8,0.9,1,1.1,1.2,1.3,1.4,1.5,1.6,1.7,1.8,1.9,2,2.1,2.2,2.3,2.4,2.5,2.6,2.7,2.8,2.9,3,3.1,3.2,3.3,3.4,3.5,3.6,3.7,3.8,3.9,4,4.1,4.2,4.3,4.4,4.5,4.6,4.7,4.8,4.9,51.820e+00 
0.000e+00 0.000e+00 0.000e+00 0.000e+00 0.000e+00 0.000e+00 0.000e+00 0.000e+00 0.000e+00 0.000e+00 0.000e+00 0.000e+00 0.000e+00 0.000e+00 0.000e+00 0.000e+00 0.000e+00 0.000e+00 0.000e+00 0.000e+00 0.000e+00 0.000e+00 0.000e+00 0.000e+00 0.000e+00 0.000e+00 0.000e+00 0.000e+00 0.000e+00 0.000e+00 0.000e+00 0.000e+00 0.000e+00 1.000e-03 1.000e-03 1.000e-03 1.000e-03 1.000e-03 1.000e-03 1.000e-03 1.000e-03 1.000e-03 1.000e-03 1.000e-03 2.000e-03 2.000e-03 2.000e-03 2.000e-03 2.000e-03 2.000e-03
2.754e+00 0.000e+00 0.000e+00 0.000e+00 0.000e+00 0.000e+00 0.000e+00 0.000e+00 0.000e+00 0.000e+00 0.000e+00 0.000e+00 0.000e+00 0.000e+00 0.000e+00 0.000e+00 0.000e+00 0.000e+00 0.000e+00 1.000e-03 1.000e-03 1.000e-03 1.000e-03 2.000e-03 2.000e-03 2.000e-03 2.000e-03 3.000e-03 3.000e-03 3.000e-03 4.000e-03 4.000e-03 4.000e-03 5.000e-03 5.000e-03 6.000e-03 6.000e-03 7.000e-03 7.000e-03 8.000e-03 8.000e-03 9.000e-03 9.000e-03 1.000e-02 1.000e-02 1.100e-02 1.100e-02 1.200e-02 1.300e-02 1.300e-02 1.400e-02
4.169e+00 0.000e+00 0.000e+00 0.000e+00 0.000e+00 0.000e+00 0.000e+00 0.000e+00 1.000e-03 1.000e-03 1.000e-03 1.000e-03 1.000e-03 2.000e-03 2.000e-03 2.000e-03 3.000e-03 4.000e-03 5.000e-03 6.000e-03 7.000e-03 9.000e-03 1.000e-02 1.100e-02 1.300e-02 1.400e-02 1.600e-02 1.700e-02 1.900e-02 2.100e-02 2.300e-02 2.500e-02 2.700e-02 2.900e-02 3.100e-02 3.300e-02 3.600e-02 3.800e-02 4.000e-02 4.300e-02 4.500e-02 4.700e-02 5.000e-02 5.200e-02 5.400e-02 5.600e-02 5.800e-02 6.100e-02 6.300e-02 6.400e-02 6.600e-02
6.310e+00 0.000e+00 0.000e+00 0.000e+00 0.000e+00 1.000e-03 2.000e-03 3.000e-03 4.000e-03 6.000e-03 8.000e-03 9.000e-03 1.100e-02 1.400e-02 1.700e-02 2.100e-02 2.500e-02 3.000e-02 3.400e-02 3.900e-02 4.500e-02 5.100e-02 5.600e-02 6.300e-02 6.900e-02 7.600e-02 8.300e-02 8.900e-02 9.700e-02 1.030e-01 1.100e-01 1.170e-01 1.250e-01 1.320e-01 1.380e-01 1.450e-01 1.520e-01 1.580e-01 1.650e-01 1.710e-01 1.770e-01 1.820e-01 1.870e-01 1.920e-01 1.970e-01 2.010e-01 2.060e-01 2.100e-01 2.140e-01 2.160e-01 2.190e-01
9.550e+00 0.000e+00 0.000e+00 1.000e-03 2.000e-03 4.000e-03 6.000e-03 1.000e-02 1.400e-02 2.100e-02 3.100e-02 4.300e-02 5.600e-02 7.100e-02 8.600e-02 1.020e-01 1.170e-01 1.330e-01 1.500e-01 1.670e-01 1.840e-01 2.010e-01 2.180e-01 2.340e-01 2.510e-01 2.670e-01 2.830e-01 2.980e-01 3.140e-01 3.280e-01 3.410e-01 3.550e-01 3.680e-01 3.790e-01 3.910e-01 4.030e-01 4.150e-01 4.240e-01 4.340e-01 4.430e-01 4.540e-01 4.620e-01 4.690e-01 4.760e-01 4.830e-01 4.920e-01 4.990e-01 5.050e-01 5.110e-01 5.160e-01 5.200e-01
1.445e+01 1.000e-03 2.000e-03 4.000e-03 7.000e-03 1.300e-02 2.200e-02 3.700e-02 5.700e-02 8.500e-02 1.190e-01 1.570e-01 1.960e-01 2.340e-01 2.700e-01 3.050e-01 3.390e-01 3.710e-01 4.030e-01 4.340e-01 4.640e-01 4.950e-01 5.230e-01 5.520e-01 5.810e-01 6.070e-01 6.330e-01 6.590e-01 6.860e-01 7.070e-01 7.290e-01 7.530e-01 7.740e-01 7.930e-01 8.140e-01 8.360e-01 8.540e-01 8.680e-01 8.820e-01 8.980e-01 9.170e-01 9.310e-01 9.440e-01 9.530e-01 9.620e-01 9.730e-01 9.840e-01 9.930e-01 1.001e+00 1.009e+00 1.017e+00
2.188e+01 2.000e-03 6.000e-03 1.300e-02 2.600e-02 4.700e-02 7.800e-02 1.180e-01 1.660e-01 2.230e-01 2.860e-01 3.520e-01 4.190e-01 4.830e-01 5.440e-01 6.030e-01 6.610e-01 7.170e-01 7.720e-01 8.260e-01 8.760e-01 9.280e-01 9.760e-01 1.023e+00 1.069e+00 1.110e+00 1.151e+00 1.189e+00 1.231e+00 1.264e+00 1.298e+00 1.334e+00 1.361e+00 1.388e+00 1.416e+00 1.444e+00 1.467e+00 1.486e+00 1.507e+00 1.530e+00 1.555e+00 1.576e+00 1.594e+00 1.603e+00 1.612e+00 1.623e+00 1.638e+00 1.652e+00 1.664e+00 1.674e+00 1.682e+00
3.311e+01 8.000e-03 2.300e-02 4.900e-02 8.600e-02 1.380e-01 2.000e-01 2.740e-01 3.620e-01 4.620e-01 5.710e-01 6.820e-01 7.930e-01 8.970e-01 9.960e-01 1.088e+00 1.178e+00 1.262e+00 1.344e+00 1.422e+00 1.495e+00 1.568e+00 1.637e+00 1.702e+00 1.765e+00 1.823e+00 1.878e+00 1.931e+00 1.987e+00 2.032e+00 2.079e+00 2.126e+00 2.164e+00 2.201e+00 2.240e+00 2.279e+00 2.311e+00 2.339e+00 2.367e+00 2.397e+00 2.429e+00 2.455e+00 2.478e+00 2.493e+00 2.507e+00 2.523e+00 2.541e+00 2.558e+00 2.573e+00 2.587e+00 2.597e+00
5.012e+01 2.300e-02 6.100e-02 1.130e-01 1.830e-01 2.730e-01 3.810e-01 5.050e-01 6.450e-01 7.970e-01 9.550e-01 1.113e+00 1.269e+00 1.414e+00 1.554e+00 1.684e+00 1.811e+00 1.932e+00 2.049e+00 2.162e+00 2.267e+00 2.374e+00 2.473e+00 2.568e+00 2.660e+00 2.745e+00 2.827e+00 2.907e+00 2.987e+00 3.055e+00 3.122e+00 3.191e+00 3.248e+00 3.303e+00 3.358e+00 3.411e+00 3.456e+00 3.495e+00 3.535e+00 3.575e+00 3.616e+00 3.651e+00 3.684e+00 3.705e+00 3.723e+00 3.744e+00 3.770e+00 3.793e+00 3.814e+00 3.832e+00 3.847e+00
7.586e+01 4.800e-02 1.170e-01 2.110e-01 3.310e-01 4.760e-01 6.430e-01 8.310e-01 1.039e+00 1.263e+00 1.496e+00 1.731e+00 1.964e+00 2.187e+00 2.402e+00 2.605e+00 2.806e+00 2.997e+00 3.181e+00 3.357e+00 3.522e+00 3.685e+00 3.837e+00 3.982e+00 4.120e+00 4.247e+00 4.368e+00 4.483e+00 4.597e+00 4.698e+00 4.797e+00 4.891e+00 4.971e+00 5.051e+00 5.132e+00 5.208e+00 5.272e+00 5.328e+00 5.386e+00 5.444e+00 5.503e+00 5.558e+00 5.610e+00 5.641e+00 5.667e+00 5.694e+00 5.731e+00 5.766e+00 5.796e+00 5.823e+00 5.845e+00
1.148e+02 8.500e-02 2.020e-01 3.550e-01 5.510e-01 7.900e-01 1.070e+00 1.388e+00 1.738e+00 2.107e+00 2.487e+00 2.868e+00 3.239e+00 3.593e+00 3.934e+00 4.253e+00 4.564e+00 4.861e+00 5.144e+00 5.415e+00 5.672e+00 5.920e+00 6.153e+00 6.376e+00 6.591e+00 6.788e+00 6.977e+00 7.155e+00 7.327e+00 7.488e+00 7.643e+00 7.791e+00 7.918e+00 8.043e+00 8.168e+00 8.281e+00 8.380e+00 8.473e+00 8.566e+00 8.655e+00 8.741e+00 8.820e+00 8.894e+00 8.946e+00 8.992e+00 9.037e+00 9.089e+00 9.139e+00 9.180e+00 9.215e+00 9.244e+00
1.738e+02 1.560e-01 3.710e-01 6.590e-01 1.021e+00 1.455e+00 1.949e+00 2.494e+00 3.078e+00 3.687e+00 4.304e+00 4.917e+00 5.516e+00 6.087e+00 6.639e+00 7.156e+00 7.657e+00 8.132e+00 8.585e+00 9.014e+00 9.418e+00 9.807e+00 1.018e+01 1.052e+01 1.084e+01 1.115e+01 1.143e+01 1.170e+01 1.195e+01 1.219e+01 1.242e+01 1.263e+01 1.281e+01 1.299e+01 1.316e+01 1.331e+01 1.346e+01 1.358e+01 1.371e+01 1.383e+01 1.394e+01 1.404e+01 1.414e+01 1.421e+01 1.427e+01 1.433e+01 1.439e+01 1.446e+01 1.452e+01 1.457e+01 1.460e+01
2.630e+02 3.140e-01 7.420e-01 1.291e+00 1.964e+00 2.748e+00 3.620e+00 4.560e+00 5.547e+00 6.554e+00 7.556e+00 8.537e+00 9.478e+00 1.037e+01 1.121e+01 1.199e+01 1.273e+01 1.342e+01 1.407e+01 1.469e+01 1.525e+01 1.579e+01 1.630e+01 1.676e+01 1.721e+01 1.761e+01 1.799e+01 1.834e+01 1.867e+01 1.899e+01 1.928e+01 1.956e+01 1.979e+01 2.002e+01 2.025e+01 2.046e+01 2.064e+01 2.082e+01 2.100e+01 2.116e+01 2.131e+01 2.146e+01 2.160e+01 2.171e+01 2.181e+01 2.190e+01 2.201e+01 2.212e+01 2.221e+01 2.229e+01 2.235e+01
3.981e+02 6.290e-01 1.444e+00 2.446e+00 3.625e+00 4.943e+00 6.358e+00 7.827e+00 9.318e+00 1.079e+01 1.223e+01 1.359e+01 1.488e+01 1.608e+01 1.721e+01 1.823e+01 1.920e+01 2.010e+01 2.094e+01 2.172e+01 2.245e+01 2.313e+01 2.378e+01 2.438e+01 2.495e+01 2.548e+01 2.598e+01 2.645e+01 2.691e+01 2.733e+01 2.773e+01 2.811e+01 2.847e+01 2.882e+01 2.917e+01 2.949e+01 2.979e+01 3.007e+01 3.035e+01 3.062e+01 3.088e+01 3.114e+01 3.138e+01 3.159e+01 3.179e+01 3.197e+01 3.216e+01 3.235e+01 3.252e+01 3.266e+01 3.278e+01
6.026e+02 1.114e+00 2.478e+00 4.073e+00 5.858e+00 7.764e+00 9.731e+00 1.171e+01 1.367e+01 1.557e+01 1.738e+01 1.911e+01 2.073e+01 2.223e+01 2.364e+01 2.494e+01 2.616e+01 2.731e+01 2.839e+01 2.941e+01 3.037e+01 3.130e+01 3.218e+01 3.302e+01 3.383e+01 3.460e+01 3.535e+01 3.607e+01 3.676e+01 3.743e+01 3.808e+01 3.871e+01 3.931e+01 3.990e+01 4.047e+01 4.102e+01 4.154e+01 4.203e+01 4.251e+01 4.296e+01 4.340e+01 4.382e+01 4.422e+01 4.457e+01 4.489e+01 4.520e+01 4.550e+01 4.578e+01 4.604e+01 4.625e+01 4.644e+01
9.120e+02 1.669e+00 3.598e+00 5.743e+00 8.046e+00 1.044e+01 1.288e+01 1.532e+01 1.773e+01 2.008e+01 2.234e+01 2.450e+01 2.654e+01 2.847e+01 3.029e+01 3.201e+01 3.366e+01 3.524e+01 3.676e+01 3.823e+01 3.965e+01 4.102e+01 4.235e+01 4.364e+01 4.488e+01 4.608e+01 4.725e+01 4.839e+01 4.947e+01 5.052e+01 5.151e+01 5.249e+01 5.341e+01 5.432e+01 5.518e+01 5.602e+01 5.680e+01 5.753e+01 5.823e+01 5.891e+01 5.955e+01 6.017e+01 6.074e+01 6.127e+01 6.176e+01 6.221e+01 6.265e+01 6.304e+01 6.342e+01 6.374e+01 6.404e+01
1.380e+03 2.136e+00 4.521e+00 7.115e+00 9.873e+00 1.274e+01 1.570e+01 1.870e+01 2.173e+01 2.473e+01 2.768e+01 3.054e+01 3.329e+01 3.592e+01 3.847e+01 4.089e+01 4.326e+01 4.553e+01 4.775e+01 4.989e+01 5.196e+01 5.398e+01 5.592e+01 5.780e+01 5.962e+01 6.138e+01 6.306e+01 6.470e+01 6.626e+01 6.776e+01 6.921e+01 7.062e+01 7.196e+01 7.326e+01 7.451e+01 7.570e+01 7.685e+01 7.793e+01 7.899e+01 7.998e+01 8.093e+01 8.185e+01 8.270e+01 8.350e+01 8.425e+01 8.494e+01 8.560e+01 8.622e+01 8.681e+01 8.733e+01 8.779e+01
2.089e+03 2.509e+00 5.297e+00 8.352e+00 1.165e+01 1.518e+01 1.890e+01 2.279e+01 2.677e+01 3.079e+01 3.478e+01 3.868e+01 4.246e+01 4.610e+01 4.964e+01 5.301e+01 5.632e+01 5.951e+01 6.261e+01 6.563e+01 6.856e+01 7.142e+01 7.418e+01 7.686e+01 7.946e+01 8.199e+01 8.443e+01 8.680e+01 8.908e+01 9.129e+01 9.344e+01 9.553e+01 9.753e+01 9.948e+01 1.014e+02 1.032e+02 1.050e+02 1.066e+02 1.083e+02 1.098e+02 1.113e+02 1.128e+02 1.142e+02 1.155e+02 1.168e+02 1.180e+02 1.191e+02 1.202e+02 1.213e+02 1.224e+02 1.233e+02
3.162e+03 2.921e+00 6.262e+00 1.003e+01 1.421e+01 1.875e+01 2.362e+01 2.875e+01 3.406e+01 3.947e+01 4.488e+01 5.021e+01 5.541e+01 6.042e+01 6.532e+01 7.002e+01 7.466e+01 7.917e+01 8.359e+01 8.791e+01 9.215e+01 9.632e+01 1.004e+02 1.044e+02 1.083e+02 1.121e+02 1.159e+02 1.197e+02 1.234e+02 1.271e+02 1.308e+02 1.346e+02 1.383e+02 1.421e+02 1.460e+02 1.499e+02 1.539e+02 1.579e+02 1.620e+02 1.662e+02 1.705e+02 1.748e+02 1.791e+02 1.835e+02 1.878e+02 1.922e+02 1.965e+02 2.008e+02 2.050e+02 2.090e+02 2.129e+02
4.786e+03 3.594e+00 7.803e+00 1.262e+01 1.802e+01 2.395e+01 3.037e+01 3.722e+01 4.440e+01 5.181e+01 5.932e+01 6.680e+01 7.418e+01 8.142e+01 8.864e+01 9.577e+01 1.031e+02 1.104e+02 1.180e+02 1.258e+02 1.340e+02 1.425e+02 1.513e+02 1.605e+02 1.702e+02 1.803e+02 1.908e+02 2.016e+02 2.129e+02 2.247e+02 2.370e+02 2.497e+02 2.629e+02 2.766e+02 2.908e+02 3.054e+02 3.203e+02 3.356e+02 3.511e+02 3.668e+02 3.824e+02 3.979e+02 4.130e+02 4.281e+02 4.427e+02 4.567e+02 4.702e+02 4.831e+02 4.952e+02 5.065e+02 5.170e+02
7.244e+03 4.522e+00 9.883e+00 1.610e+01 2.317e+01 3.108e+01 3.987e+01 4.967e+01 6.059e+01 7.277e+01 8.618e+01 1.007e+02 1.164e+02 1.330e+02 1.507e+02 1.694e+02 1.897e+02 2.113e+02 2.348e+02 2.599e+02 2.870e+02 3.161e+02 3.469e+02 3.792e+02 4.129e+02 4.478e+02 4.836e+02 5.201e+02 5.572e+02 5.948e+02 6.327e+02 6.712e+02 7.095e+02 7.476e+02 7.859e+02 8.236e+02 8.603e+02 8.968e+02 9.320e+02 9.661e+02 9.990e+02 1.031e+03 1.060e+03 1.089e+03 1.115e+03 1.141e+03 1.164e+03 1.185e+03 1.206e+03 1.224e+03 1.241e+03
1.096e+04 5.817e+00 1.298e+01 2.177e+01 3.263e+01 4.623e+01 6.362e+01 8.600e+01 1.144e+02 1.494e+02 1.908e+02 2.379e+02 2.893e+02 3.438e+02 4.018e+02 4.619e+02 5.257e+02 5.918e+02 6.612e+02 7.327e+02 8.068e+02 8.825e+02 9.595e+02 1.036e+03 1.113e+03 1.190e+03 1.265e+03 1.340e+03 1.413e+03 1.483e+03 1.553e+03 1.622e+03 1.687e+03 1.750e+03 1.811e+03 1.871e+03 1.928e+03 1.982e+03 2.034e+03 2.083e+03 2.130e+03 2.173e+03 2.215e+03 2.254e+03 2.290e+03 2.322e+03 2.353e+03 2.381e+03 2.408e+03 2.432e+03 2.453e+03
1.660e+04 8.862e+00 2.154e+01 4.019e+01 6.798e+01 1.079e+02 1.625e+02 2.332e+02 3.197e+02 4.210e+02 5.334e+02 6.533e+02 7.774e+02 9.026e+02 1.031e+03 1.157e+03 1.286e+03 1.415e+03 1.544e+03 1.672e+03 1.801e+03 1.927e+03 2.050e+03 2.171e+03 2.289e+03 2.403e+03 2.513e+03 2.618e+03 2.721e+03 2.818e+03 2.913e+03 3.004e+03 3.088e+03 3.170e+03 3.249e+03 3.324e+03 3.394e+03 3.461e+03 3.523e+03 3.581e+03 3.638e+03 3.689e+03 3.735e+03 3.778e+03 3.819e+03 3.857e+03 3.891e+03 3.923e+03 3.950e+03 3.975e+03 3.997e+03
2.512e+04 2.167e+01 5.728e+01 1.126e+02 1.924e+02 2.982e+02 4.296e+02 5.849e+02 7.604e+02 9.515e+02 1.152e+03 1.357e+03 1.561e+03 1.761e+03 1.959e+03 2.150e+03 2.339e+03 2.523e+03 2.703e+03 2.878e+03 3.047e+03 3.212e+03 3.370e+03 3.521e+03 3.667e+03 3.805e+03 3.935e+03 4.061e+03 4.180e+03 4.291e+03 4.396e+03 4.500e+03 4.594e+03 4.682e+03 4.768e+03 4.848e+03 4.921e+03 4.989e+03 5.054e+03 5.113e+03 5.168e+03 5.219e+03 5.268e+03 5.311e+03 5.350e+03 5.385e+03 5.416e+03 5.447e+03 5.474e+03 5.497e+03 5.517e+03
3.802e+04 5.840e+01 1.469e+02 2.694e+02 4.272e+02 6.179e+02 8.376e+02 1.082e+03 1.346e+03 1.620e+03 1.899e+03 2.175e+03 2.442e+03 2.698e+03 2.946e+03 3.178e+03 3.407e+03 3.623e+03 3.831e+03 4.029e+03 4.220e+03 4.399e+03 4.569e+03 4.730e+03 4.883e+03 5.027e+03 5.160e+03 5.287e+03 5.405e+03 5.516e+03 5.620e+03 5.719e+03 5.810e+03 5.894e+03 5.973e+03 6.047e+03 6.117e+03 6.179e+03 6.237e+03 6.293e+03 6.345e+03 6.389e+03 6.430e+03 6.467e+03 6.502e+03 6.533e+03 6.561e+03 6.586e+03 6.610e+03 6.631e+03 6.650e+03
5.754e+04 1.157e+02 2.721e+02 4.694e+02 7.049e+02 9.729e+02 1.267e+03 1.580e+03 1.904e+03 2.231e+03 2.553e+03 2.864e+03 3.159e+03 3.435e+03 3.700e+03 3.944e+03 4.179e+03 4.400e+03 4.609e+03 4.803e+03 4.986e+03 5.161e+03 5.322e+03 5.472e+03 5.616e+03 5.748e+03 5.870e+03 5.985e+03 6.092e+03 6.188e+03 6.280e+03 6.369e+03 6.447e+03 6.520e+03 6.590e+03 6.654e+03 6.712e+03 6.764e+03 6.813e+03 6.859e+03 6.902e+03 6.940e+03 6.975e+03 7.007e+03 7.034e+03 7.058e+03 7.082e+03 7.104e+03 7.123e+03 7.140e+03 7.155e+03
8.710e+04 1.748e+02 3.932e+02 6.509e+02 9.410e+02 1.255e+03 1.586e+03 1.927e+03 2.269e+03 2.606e+03 2.929e+03 3.235e+03 3.522e+03 3.788e+03 4.038e+03 4.266e+03 4.482e+03 4.683e+03 4.870e+03 5.044e+03 5.207e+03 5.358e+03 5.499e+03 5.629e+03 5.751e+03 5.863e+03 5.967e+03 6.064e+03 6.152e+03 6.233e+03 6.309e+03 6.382e+03 6.446e+03 6.506e+03 6.562e+03 6.614e+03 6.661e+03 6.704e+03 6.745e+03 6.781e+03 6.815e+03 6.845e+03 6.872e+03 6.896e+03 6.919e+03 6.937e+03 6.956e+03 6.974e+03 6.990e+03 7.004e+03 7.015e+03
1.318e+05 2.181e+02 4.740e+02 7.596e+02 1.067e+03 1.388e+03 1.716e+03 2.044e+03 2.366e+03 2.676e+03 2.970e+03 3.244e+03 3.498e+03 3.731e+03 3.949e+03 4.144e+03 4.328e+03 4.498e+03 4.655e+03 4.799e+03 4.933e+03 5.059e+03 5.173e+03 5.280e+03 5.380e+03 5.470e+03 5.552e+03 5.630e+03 5.701e+03 5.765e+03 5.825e+03 5.883e+03 5.933e+03 5.980e+03 6.025e+03 6.066e+03 6.102e+03 6.134e+03 6.165e+03 6.194e+03 6.221e+03 6.244e+03 6.264e+03 6.283e+03 6.300e+03 6.315e+03 6.329e+03 6.342e+03 6.355e+03 6.365e+03 6.374e+03
1.995e+05 2.344e+02 4.955e+02 7.750e+02 1.066e+03 1.362e+03 1.657e+03 1.946e+03 2.225e+03 2.490e+03 2.738e+03 2.968e+03 3.179e+03 3.371e+03 3.548e+03 3.707e+03 3.856e+03 3.992e+03 4.118e+03 4.233e+03 4.340e+03 4.438e+03 4.528e+03 4.612e+03 4.689e+03 4.760e+03 4.824e+03 4.884e+03 4.939e+03 4.989e+03 5.034e+03 5.078e+03 5.118e+03 5.154e+03 5.187e+03 5.218e+03 5.246e+03 5.271e+03 5.294e+03 5.316e+03 5.336e+03 5.353e+03 5.369e+03 5.383e+03 5.395e+03 5.407e+03 5.418e+03 5.427e+03 5.437e+03 5.445e+03 5.452e+03
3.020e+05 2.244e+02 4.650e+02 7.147e+02 9.685e+02 1.221e+03 1.469e+03 1.708e+03 1.937e+03 2.152e+03 2.351e+03 2.535e+03 2.702e+03 2.854e+03 2.993e+03 3.118e+03 3.233e+03 3.339e+03 3.437e+03 3.526e+03 3.607e+03 3.683e+03 3.752e+03 3.815e+03 3.874e+03 3.929e+03 3.977e+03 4.022e+03 4.063e+03 4.101e+03 4.135e+03 4.169e+03 4.198e+03 4.225e+03 4.250e+03 4.273e+03 4.294e+03 4.313e+03 4.330e+03 4.346e+03 4.360e+03 4.373e+03 4.385e+03 4.395e+03 4.404e+03 4.413e+03 4.421e+03 4.429e+03 4.436e+03 4.441e+03 4.446e+03
4.571e+05 1.974e+02 4.031e+02 6.121e+02 8.208e+02 1.026e+03 1.224e+03 1.414e+03 1.593e+03 1.762e+03 1.917e+03 2.059e+03 2.187e+03 2.303e+03 2.410e+03 2.505e+03 2.593e+03 2.673e+03 2.747e+03 2.814e+03 2.875e+03 2.932e+03 2.984e+03 3.031e+03 3.075e+03 3.115e+03 3.151e+03 3.185e+03 3.215e+03 3.243e+03 3.269e+03 3.293e+03 3.315e+03 3.334e+03 3.353e+03 3.370e+03 3.385e+03 3.398e+03 3.411e+03 3.422e+03 3.433e+03 3.442e+03 3.450e+03 3.457e+03 3.464e+03 3.470e+03 3.476e+03 3.481e+03 3.487e+03 3.490e+03 3.494e+03
6.918e+05 1.633e+02 3.302e+02 4.973e+02 6.619e+02 8.218e+02 9.754e+02 1.122e+03 1.259e+03 1.387e+03 1.505e+03 1.612e+03 1.709e+03 1.796e+03 1.876e+03 1.947e+03 2.012e+03 2.072e+03 2.127e+03 2.176e+03 2.221e+03 2.263e+03 2.300e+03 2.335e+03 2.367e+03 2.396e+03 2.422e+03 2.447e+03 2.468e+03 2.488e+03 2.506e+03 2.523e+03 2.538e+03 2.552e+03 2.565e+03 2.576e+03 2.587e+03 2.596e+03 2.604e+03 2.612e+03 2.619e+03 2.625e+03 2.630e+03 2.635e+03 2.640e+03 2.644e+03 2.647e+03 2.650e+03 2.654e+03 2.656e+03 2.658e+03
1.047e+06 1.295e+02 2.600e+02 3.893e+02 5.155e+02 6.372e+02 7.534e+02 8.634e+02 9.664e+02 1.062e+03 1.149e+03 1.228e+03 1.299e+03 1.363e+03 1.421e+03 1.473e+03 1.520e+03 1.563e+03 1.602e+03 1.637e+03 1.669e+03 1.698e+03 1.724e+03 1.748e+03 1.770e+03 1.789e+03 1.807e+03 1.823e+03 1.837e+03 1.850e+03 1.862e+03 1.873e+03 1.883e+03 1.891e+03 1.899e+03 1.907e+03 1.913e+03 1.918e+03 1.923e+03 1.928e+03 1.932e+03 1.936e+03 1.939e+03 1.942e+03 1.944e+03 1.946e+03 1.948e+03 1.950e+03 1.952e+03 1.953e+03 1.954e+03
1.585e+06 9.960e+01 1.991e+02 2.967e+02 3.912e+02 4.818e+02 5.677e+02 6.483e+02 7.231e+02 7.917e+02 8.539e+02 9.099e+02 9.600e+02 1.004e+03 1.045e+03 1.080e+03 1.112e+03 1.140e+03 1.166e+03 1.189e+03 1.209e+03 1.228e+03 1.245e+03 1.260e+03 1.273e+03 1.285e+03 1.296e+03 1.305e+03 1.314e+03 1.321e+03 1.328e+03 1.334e+03 1.340e+03 1.345e+03 1.349e+03 1.353e+03 1.356e+03 1.359e+03 1.362e+03 1.364e+03 1.367e+03 1.368e+03 1.370e+03 1.371e+03 1.372e+03 1.373e+03 1.374e+03 1.376e+03 1.377e+03 1.377e+03 1.378e+03
2.399e+06 7.488e+01 1.488e+02 2.206e+02 2.895e+02 3.545e+02 4.153e+02 4.715e+02 5.228e+02 5.692e+02 6.106e+02 6.473e+02 6.797e+02 7.080e+02 7.333e+02 7.551e+02 7.747e+02 7.920e+02 8.072e+02 8.206e+02 8.325e+02 8.431e+02 8.524e+02 8.607e+02 8.682e+02 8.747e+02 8.803e+02 8.854e+02 8.898e+02 8.937e+02 8.972e+02 9.005e+02 9.032e+02 9.056e+02 9.079e+02 9.099e+02 9.116e+02 9.129e+02 9.143e+02 9.154e+02 9.165e+02 9.174e+02 9.181e+02 9.187e+02 9.193e+02 9.198e+02 9.203e+02 9.208e+02 9.214e+02 9.218e+02 9.222e+02
3.631e+06 5.465e+01 1.077e+02 1.582e+02 2.056e+02 2.494e+02 2.894e+02 3.255e+02 3.578e+02 3.864e+02 4.114e+02 4.332e+02 4.521e+02 4.684e+02 4.827e+02 4.948e+02 5.056e+02 5.149e+02 5.231e+02 5.301e+02 5.363e+02 5.417e+02 5.465e+02 5.507e+02 5.544e+02 5.576e+02 5.604e+02 5.629e+02 5.650e+02 5.669e+02 5.686e+02 5.702e+02 5.714e+02 5.726e+02 5.737e+02 5.746e+02 5.754e+02 5.760e+02 5.766e+02 5.771e+02 5.776e+02 5.780e+02 5.783e+02 5.786e+02 5.789e+02 5.791e+02 5.794e+02 5.796e+02 5.799e+02 5.801e+02 5.802e+02
5.495e+06 3.788e+01 7.363e+01 1.067e+02 1.367e+02 1.637e+02 1.876e+02 2.087e+02 2.271e+02 2.431e+02 2.567e+02 2.685e+02 2.784e+02 2.869e+02 2.943e+02 3.004e+02 3.058e+02 3.104e+02 3.144e+02 3.178e+02 3.208e+02 3.235e+02 3.257e+02 3.277e+02 3.294e+02 3.310e+02 3.322e+02 3.334e+02 3.344e+02 3.352e+02 3.360e+02 3.367e+02 3.373e+02 3.378e+02 3.383e+02 3.387e+02 3.391e+02 3.394e+02 3.396e+02 3.398e+02 3.401e+02 3.402e+02 3.404e+02 3.405e+02 3.407e+02 3.408e+02 3.409e+02 3.410e+02 3.411e+02 3.412e+02 3.413e+02
8.318e+06 2.432e+01 4.644e+01 6.613e+01 8.346e+01 9.855e+01 1.116e+02 1.228e+02 1.324e+02 1.405e+02 1.473e+02 1.531e+02 1.580e+02 1.621e+02 1.656e+02 1.686e+02 1.711e+02 1.733e+02 1.751e+02 1.767e+02 1.781e+02 1.793e+02 1.803e+02 1.812e+02 1.820e+02 1.827e+02 1.832e+02 1.838e+02 1.842e+02 1.846e+02 1.849e+02 1.853e+02 1.855e+02 1.858e+02 1.860e+02 1.862e+02 1.863e+02 1.865e+02 1.866e+02 1.867e+02 1.868e+02 1.868e+02 1.869e+02 1.870e+02 1.870e+02 1.871e+02 1.871e+02 1.872e+02 1.872e+02 1.873e+02 1.873e+02
1.259e+07 1.425e+01 2.670e+01 3.739e+01 4.652e+01 5.426e+01 6.079e+01 6.630e+01 7.093e+01 7.481e+01 7.805e+01 8.077e+01 8.303e+01 8.493e+01 8.653e+01 8.787e+01 8.902e+01 9.000e+01 9.084e+01 9.155e+01 9.217e+01 9.271e+01 9.316e+01 9.356e+01 9.391e+01 9.422e+01 9.447e+01 9.471e+01 9.491e+01 9.508e+01 9.522e+01 9.537e+01 9.549e+01 9.559e+01 9.568e+01 9.576e+01 9.583e+01 9.589e+01 9.594e+01 9.598e+01 9.602e+01 9.605e+01 9.608e+01 9.611e+01 9.614e+01 9.616e+01 9.618e+01 9.621e+01 9.623e+01 9.625e+01 9.626e+01
1.905e+07 7.624e+00 1.404e+01 1.940e+01 2.386e+01 2.758e+01 3.067e+01 3.324e+01 3.537e+01 3.715e+01 3.863e+01 3.986e+01 4.088e+01 4.173e+01 4.244e+01 4.305e+01 4.356e+01 4.399e+01 4.436e+01 4.468e+01 4.496e+01 4.519e+01 4.539e+01 4.557e+01 4.572e+01 4.586e+01 4.597e+01 4.607e+01 4.615e+01 4.623e+01 4.630e+01 4.636e+01 4.642e+01 4.646e+01 4.650e+01 4.654e+01 4.657e+01 4.660e+01 4.662e+01 4.664e+01 4.665e+01 4.667e+01 4.668e+01 4.669e+01 4.670e+01 4.671e+01 4.672e+01 4.673e+01 4.674e+01 4.675e+01 4.675e+01
2.884e+07 3.774e+00 6.867e+00 9.399e+00 1.148e+01 1.318e+01 1.459e+01 1.575e+01 1.671e+01 1.751e+01 1.817e+01 1.871e+01 1.917e+01 1.954e+01 1.986e+01 2.013e+01 2.035e+01 2.054e+01 2.071e+01 2.085e+01 2.097e+01 2.107e+01 2.116e+01 2.124e+01 2.130e+01 2.136e+01 2.141e+01 2.146e+01 2.149e+01 2.153e+01 2.156e+01 2.159e+01 2.161e+01 2.163e+01 2.165e+01 2.166e+01 2.167e+01 2.169e+01 2.170e+01 2.170e+01 2.171e+01 2.171e+01 2.172e+01 2.172e+01 2.173e+01 2.173e+01 2.174e+01 2.174e+01 2.175e+01 2.175e+01 2.176e+01
4.365e+07 1.769e+00 3.195e+00 4.349e+00 5.286e+00 6.051e+00 6.679e+00 7.195e+00 7.621e+00 7.973e+00 8.263e+00 8.504e+00 8.703e+00 8.869e+00 9.008e+00 9.126e+00 9.225e+00 9.308e+00 9.379e+00 9.442e+00 9.495e+00 9.540e+00 9.578e+00 9.612e+00 9.642e+00 9.667e+00 9.689e+00 9.709e+00 9.725e+00 9.740e+00 9.753e+00 9.765e+00 9.776e+00 9.785e+00 9.793e+00 9.800e+00 9.805e+00 9.810e+00 9.815e+00 9.818e+00 9.821e+00 9.823e+00 9.825e+00 9.827e+00 9.830e+00 9.832e+00 9.835e+00 9.837e+00 9.839e+00 9.841e+00 9.842e+00
6.607e+07 8.020e-01 1.443e+00 1.958e+00 2.374e+00 2.712e+00 2.989e+00 3.217e+00 3.404e+00 3.559e+00 3.686e+00 3.792e+00 3.880e+00 3.953e+00 4.014e+00 4.065e+00 4.109e+00 4.146e+00 4.177e+00 4.204e+00 4.227e+00 4.247e+00 4.264e+00 4.279e+00 4.292e+00 4.303e+00 4.312e+00 4.321e+00 4.329e+00 4.335e+00 4.340e+00 4.346e+00 4.350e+00 4.354e+00 4.357e+00 4.360e+00 4.363e+00 4.365e+00 4.366e+00 4.368e+00 4.369e+00 4.370e+00 4.371e+00 4.372e+00 4.373e+00 4.374e+00 4.375e+00 4.376e+00 4.377e+00 4.377e+00 4.378e+00
1.000e+08 3.570e-01 6.410e-01 8.680e-01 1.051e+00 1.200e+00 1.322e+00 1.422e+00 1.505e+00 1.572e+00 1.628e+00 1.675e+00 1.713e+00 1.745e+00 1.772e+00 1.794e+00 1.813e+00 1.829e+00 1.843e+00 1.855e+00 1.865e+00 1.873e+00 1.881e+00 1.887e+00 1.892e+00 1.897e+00 1.901e+00 1.905e+00 1.908e+00 1.911e+00 1.913e+00 1.916e+00 1.918e+00 1.919e+00 1.921e+00 1.922e+00 1.923e+00 1.924e+00 1.925e+00 1.926e+00 1.926e+00 1.927e+00 1.927e+00 1.928e+00 1.928e+00 1.929e+00 1.929e+00 1.929e+00 1.930e+00 1.930e+00 1.930e+00
