#E_gam (GeV), z=0.1, 0.3, 0.5, 0.75, 1.0, 1.5, 2.0, 3.0, 4.0, 4.99
1.00e+00	1.00e-100	1.00e-100	1.00e-100	1.00e-100	1.00e-100	1.00e-100	1.00e-100	1.00e-100	1.00e-100	1.00e-100 
1.12e+00	1.00e-100	1.00e-100	1.00e-100	1.00e-100	1.00e-100	1.00e-100	1.00e-100	1.00e-100	1.00e-100	1.00e-100 
1.26e+00	1.00e-100	1.00e-100	1.00e-100	1.00e-100	1.00e-100	1.00e-100	1.00e-100	1.00e-100	1.00e-100	1.00e-100 
1.41e+00	1.00e-100	1.00e-100	1.00e-100	1.00e-100	1.00e-100	1.00e-100	1.00e-100	1.00e-100	1.00e-100	1.00e-100 
1.59e+00	1.00e-100	1.00e-100	1.00e-100	1.00e-100	1.00e-100	1.00e-100	1.00e-100	1.00e-100	1.00e-100	1.00e-100 
1.78e+00	1.00e-100	1.00e-100	1.00e-100	1.00e-100	1.00e-100	1.00e-100	1.00e-100	1.00e-100	1.00e-100	1.00e-100 
2.00e+00	1.00e-100	1.00e-100	1.00e-100	1.00e-100	1.00e-100	1.00e-100	1.00e-100	1.00e-100	1.00e-100	1.00e-100 
2.24e+00	1.00e-100	1.00e-100	1.00e-100	1.00e-100	1.00e-100	1.00e-100	1.00e-100	1.00e-100	1.00e-100	1.00e-100 
2.51e+00	1.00e-100	1.00e-100	1.00e-100	1.00e-100	1.00e-100	1.00e-100	1.00e-100	1.00e-100	1.00e-100	1.08e-59 
2.82e+00	1.00e-100	1.00e-100	1.00e-100	1.00e-100	1.00e-100	1.00e-100	1.00e-100	1.00e-100	1.00e-100	2.29e-57 
3.16e+00	1.00e-100	1.00e-100	1.00e-100	1.00e-100	1.00e-100	1.00e-100	1.00e-100	1.00e-100	6.74e-58	2.19e-56 
3.55e+00	1.00e-100	1.00e-100	1.00e-100	1.00e-100	1.00e-100	1.00e-100	1.00e-100	1.00e-100	1.68e-56	3.36e-07 
3.98e+00	1.00e-100	1.00e-100	1.00e-100	1.00e-100	1.00e-100	1.00e-100	1.00e-100	9.78e-58	1.84e-09	1.29e-05 
4.47e+00	1.00e-100	1.00e-100	1.00e-100	1.00e-100	1.00e-100	1.00e-100	1.00e-100	1.71e-56	4.79e-06	1.15e-04 
5.01e+00	1.00e-100	1.00e-100	1.00e-100	1.00e-100	1.00e-100	1.00e-100	3.66e-59	1.01e-08	7.71e-05	5.06e-04 
5.62e+00	1.00e-100	1.00e-100	1.00e-100	1.00e-100	1.00e-100	1.00e-100	6.32e-57	1.03e-05	4.77e-04	1.51e-03 
6.31e+00	1.00e-100	1.00e-100	1.00e-100	1.00e-100	1.00e-100	8.72e-58	5.68e-56	1.47e-04	1.69e-03	3.65e-03 
7.08e+00	1.00e-100	1.00e-100	1.00e-100	1.00e-100	1.00e-100	1.78e-56	1.18e-06	8.49e-04	4.42e-03	7.67e-03 
7.94e+00	1.00e-100	1.00e-100	1.00e-100	1.00e-100	1.16e-57	1.86e-09	4.42e-05	2.82e-03	9.62e-03	1.45e-02 
8.91e+00	1.00e-100	1.00e-100	1.00e-100	5.11e-58	2.01e-56	6.06e-06	3.84e-04	7.01e-03	1.85e-02	2.55e-02 
1.00e+01	1.00e-100	1.00e-100	3.03e-59	1.36e-56	4.69e-09	9.54e-05	1.61e-03	1.46e-02	3.26e-02	4.20e-02 
1.12e+01	1.00e-100	1.00e-100	5.52e-57	2.19e-12	4.96e-06	5.85e-04	4.52e-03	2.72e-02	5.34e-02	6.53e-02 
1.26e+01	1.00e-100	2.44e-57	4.86e-56	1.92e-06	7.14e-05	2.01e-03	1.02e-02	4.62e-02	8.24e-02	9.73e-02 
1.41e+01	3.10e-58	2.76e-56	2.29e-07	3.49e-05	4.10e-04	5.11e-03	1.99e-02	7.35e-02	1.22e-01	1.40e-01 
1.59e+01	7.80e-57	2.89e-08	9.05e-06	2.32e-04	1.38e-03	1.09e-02	3.52e-02	1.11e-01	1.73e-01	1.95e-01 
1.78e+01	4.52e-56	3.00e-06	8.05e-05	8.27e-04	3.46e-03	2.04e-02	5.76e-02	1.59e-01	2.40e-01	2.65e-01 
2.00e+01	3.84e-07	3.24e-05	3.46e-04	2.16e-03	7.29e-03	3.50e-02	8.85e-02	2.22e-01	3.23e-01	3.52e-01 
2.24e+01	6.47e-06	1.57e-04	9.88e-04	4.66e-03	1.37e-02	5.59e-02	1.30e-01	3.02e-01	4.27e-01	4.60e-01 
2.51e+01	3.92e-05	4.74e-04	2.27e-03	8.89e-03	2.35e-02	8.45e-02	1.83e-01	4.00e-01	5.55e-01	5.92e-01 
2.82e+01	1.25e-04	1.12e-03	4.50e-03	1.55e-02	3.77e-02	1.22e-01	2.51e-01	5.22e-01	7.12e-01	7.51e-01 
3.16e+01	2.96e-04	2.25e-03	8.06e-03	2.52e-02	5.71e-02	1.71e-01	3.36e-01	6.72e-01	9.01e-01	9.44e-01 
3.55e+01	5.97e-04	4.07e-03	1.34e-02	3.85e-02	8.29e-02	2.33e-01	4.41e-01	8.53e-01	1.13e+00	1.17e+00 
3.98e+01	1.09e-03	6.82e-03	2.09e-02	5.64e-02	1.16e-01	3.10e-01	5.72e-01	1.07e+00	1.41e+00	1.45e+00 
4.47e+01	1.83e-03	1.07e-02	3.11e-02	7.99e-02	1.59e-01	4.07e-01	7.32e-01	1.34e+00	1.74e+00	1.78e+00 
5.01e+01	2.90e-03	1.61e-02	4.46e-02	1.10e-01	2.13e-01	5.27e-01	9.28e-01	1.65e+00	2.13e+00	2.17e+00 
5.62e+01	4.36e-03	2.32e-02	6.21e-02	1.49e-01	2.82e-01	6.76e-01	1.17e+00	2.03e+00	2.60e+00	2.64e+00 
6.31e+01	6.32e-03	3.25e-02	8.47e-02	1.98e-01	3.68e-01	8.58e-01	1.45e+00	2.48e+00	3.16e+00	3.18e+00 
7.08e+01	8.91e-03	4.46e-02	1.14e-01	2.60e-01	4.75e-01	1.08e+00	1.80e+00	3.02e+00	3.81e+00	3.82e+00 
7.94e+01	1.23e-02	6.02e-02	1.51e-01	3.38e-01	6.09e-01	1.35e+00	2.22e+00	3.64e+00	4.58e+00	4.56e+00 
8.91e+01	1.67e-02	8.04e-02	1.98e-01	4.36e-01	7.75e-01	1.69e+00	2.72e+00	4.38e+00	5.45e+00	5.42e+00 
1.00e+02	2.25e-02	1.06e-01	2.59e-01	5.60e-01	9.80e-01	2.08e+00	3.31e+00	5.23e+00	6.46e+00	6.39e+00 
1.12e+02	3.00e-02	1.40e-01	3.35e-01	7.13e-01	1.23e+00	2.56e+00	4.00e+00	6.20e+00	7.59e+00	7.49e+00 
1.26e+02	3.97e-02	1.83e-01	4.31e-01	9.03e-01	1.54e+00	3.12e+00	4.80e+00	7.29e+00	8.84e+00	8.71e+00 
1.41e+02	5.23e-02	2.37e-01	5.51e-01	1.13e+00	1.90e+00	3.78e+00	5.71e+00	8.51e+00	1.02e+01	1.00e+01 
1.59e+02	6.84e-02	3.05e-01	6.99e-01	1.41e+00	2.34e+00	4.54e+00	6.74e+00	9.85e+00	1.17e+01	1.15e+01 
1.78e+02	8.90e-02	3.90e-01	8.79e-01	1.75e+00	2.84e+00	5.39e+00	7.89e+00	1.13e+01	1.33e+01	1.30e+01 
2.00e+02	1.15e-01	4.94e-01	1.10e+00	2.14e+00	3.42e+00	6.35e+00	9.13e+00	1.28e+01	1.50e+01	1.47e+01 
2.24e+02	1.46e-01	6.19e-01	1.35e+00	2.59e+00	4.08e+00	7.39e+00	1.05e+01	1.44e+01	1.67e+01	1.64e+01 
2.51e+02	1.85e-01	7.67e-01	1.65e+00	3.09e+00	4.81e+00	8.52e+00	1.19e+01	1.61e+01	1.85e+01	1.81e+01 
2.82e+02	2.31e-01	9.40e-01	1.98e+00	3.66e+00	5.61e+00	9.72e+00	1.33e+01	1.78e+01	2.04e+01	1.99e+01 
3.16e+02	2.84e-01	1.14e+00	2.36e+00	4.28e+00	6.47e+00	1.10e+01	1.48e+01	1.95e+01	2.22e+01	2.18e+01 
3.55e+02	3.45e-01	1.36e+00	2.76e+00	4.94e+00	7.37e+00	1.22e+01	1.63e+01	2.13e+01	2.41e+01	2.37e+01 
3.98e+02	4.14e-01	1.60e+00	3.21e+00	5.63e+00	8.29e+00	1.35e+01	1.78e+01	2.30e+01	2.61e+01	2.57e+01 
4.47e+02	4.89e-01	1.85e+00	3.67e+00	6.35e+00	9.23e+00	1.48e+01	1.93e+01	2.48e+01	2.81e+01	2.78e+01 
5.01e+02	5.70e-01	2.13e+00	4.15e+00	7.08e+00	1.02e+01	1.60e+01	2.08e+01	2.66e+01	3.02e+01	2.99e+01 
5.62e+02	6.56e-01	2.41e+00	4.64e+00	7.80e+00	1.11e+01	1.72e+01	2.23e+01	2.86e+01	3.24e+01	3.23e+01 
6.31e+02	7.45e-01	2.70e+00	5.12e+00	8.51e+00	1.20e+01	1.84e+01	2.38e+01	3.07e+01	3.48e+01	3.48e+01 
7.08e+02	8.36e-01	2.98e+00	5.60e+00	9.19e+00	1.29e+01	1.96e+01	2.53e+01	3.30e+01	3.74e+01	3.75e+01 
7.94e+02	9.26e-01	3.26e+00	6.06e+00	9.85e+00	1.37e+01	2.09e+01	2.70e+01	3.55e+01	4.03e+01	4.06e+01 
8.91e+02	1.02e+00	3.53e+00	6.50e+00	1.05e+01	1.45e+01	2.22e+01	2.89e+01	3.83e+01	4.35e+01	4.39e+01 
1.00e+03	1.10e+00	3.79e+00	6.92e+00	1.11e+01	1.54e+01	2.36e+01	3.10e+01	4.15e+01	4.70e+01	4.76e+01  
