   1.00000e+01    3.92669e-09
   1.01158e+01    3.96177e-09
   1.02329e+01    3.99557e-09
   1.03514e+01    4.02806e-09
   1.04713e+01    4.05929e-09
   1.05925e+01    4.08928e-09
   1.07152e+01    4.12375e-09
   1.08393e+01    4.15887e-09
   1.09648e+01    4.19264e-09
   1.10917e+01    4.22511e-09
   1.12202e+01    4.25630e-09
   1.13501e+01    4.28622e-09
   1.14815e+01    4.31489e-09
   1.16145e+01    4.34235e-09
   1.17490e+01    4.37719e-09
   1.18850e+01    4.41364e-09
   1.20226e+01    4.44867e-09
   1.21619e+01    4.48233e-09
   1.23027e+01    4.51466e-09
   1.24451e+01    4.54566e-09
   1.25893e+01    4.57536e-09
   1.27350e+01    4.60379e-09
   1.28825e+01    4.64381e-09
   1.30317e+01    4.68676e-09
   1.31826e+01    4.72812e-09
   1.33352e+01    4.76793e-09
   1.34896e+01    4.80623e-09
   1.36458e+01    4.84303e-09
   1.38038e+01    4.87836e-09
   1.39637e+01    4.91224e-09
   1.41254e+01    4.95195e-09
   1.42889e+01    4.99262e-09
   1.44544e+01    5.03171e-09
   1.46218e+01    5.06925e-09
   1.47911e+01    5.10530e-09
   1.49624e+01    5.13985e-09
   1.51356e+01    5.17295e-09
   1.53109e+01    5.20461e-09
   1.54882e+01    5.24393e-09
   1.56675e+01    5.28479e-09
   1.58489e+01    5.32404e-09
   1.60325e+01    5.36171e-09
   1.62181e+01    5.39783e-09
   1.64059e+01    5.43243e-09
   1.65959e+01    5.46553e-09
   1.67880e+01    5.49715e-09
   1.69824e+01    5.53493e-09
   1.71791e+01    5.57374e-09
   1.73780e+01    5.61094e-09
   1.75792e+01    5.64657e-09
   1.77828e+01    5.68067e-09
   1.79887e+01    5.71325e-09
   1.81970e+01    5.74434e-09
   1.84077e+01    5.77397e-09
   1.86209e+01    5.81198e-09
   1.88365e+01    5.85177e-09
   1.90546e+01    5.88988e-09
   1.92752e+01    5.92637e-09
   1.94984e+01    5.96127e-09
   1.97242e+01    5.99459e-09
   1.99526e+01    6.02637e-09
   2.01837e+01    6.05664e-09
   2.04174e+01    6.09713e-09
   2.06538e+01    6.13994e-09
   2.08930e+01    6.18098e-09
   2.11349e+01    6.22028e-09
   2.13796e+01    6.25789e-09
   2.16272e+01    6.29382e-09
   2.18776e+01    6.32811e-09
   2.21309e+01    6.36079e-09
   2.23872e+01    6.39766e-09
   2.26464e+01    6.43486e-09
   2.29087e+01    6.47036e-09
   2.31739e+01    6.50422e-09
   2.34423e+01    6.53647e-09
   2.37137e+01    6.56714e-09
   2.39883e+01    6.59624e-09
   2.42661e+01    6.62382e-09
   2.45471e+01    6.66038e-09
   2.48313e+01    6.69887e-09
   2.51189e+01    6.73560e-09
   2.54097e+01    6.77063e-09
   2.57040e+01    6.80399e-09
   2.60016e+01    6.83570e-09
   2.63027e+01    6.86580e-09
   2.66073e+01    6.89431e-09
   2.69153e+01    6.92951e-09
   2.72270e+01    6.96586e-09
   2.75423e+01    7.00048e-09
   2.78612e+01    7.03340e-09
   2.81838e+01    7.06466e-09
   2.85102e+01    7.09429e-09
   2.88403e+01    7.12231e-09
   2.91743e+01    7.14876e-09
   2.95121e+01    7.18211e-09
   2.98538e+01    7.21668e-09
   3.01995e+01    7.24952e-09
   3.05492e+01    7.28067e-09
   3.09030e+01    7.31017e-09
   3.12608e+01    7.33805e-09
   3.16228e+01    7.36433e-09
   3.19890e+01    7.38904e-09
   3.23594e+01    7.41864e-09
   3.27341e+01    7.44881e-09
   3.31131e+01    7.47732e-09
   3.34965e+01    7.50421e-09
   3.38844e+01    7.52952e-09
   3.42768e+01    7.55327e-09
   3.46737e+01    7.57549e-09
   3.50752e+01    7.59621e-09
   3.54813e+01    7.62401e-09
   3.58922e+01    7.65314e-09
   3.63078e+01    7.68061e-09
   3.67282e+01    7.70645e-09
   3.71535e+01    7.73071e-09
   3.75837e+01    7.75341e-09
   3.80189e+01    7.77457e-09
   3.84592e+01    7.79424e-09
   3.89045e+01    7.81765e-09
   3.93550e+01    7.84130e-09
   3.98107e+01    7.86339e-09
   4.02717e+01    7.88396e-09
   4.07380e+01    7.90304e-09
   4.12098e+01    7.92065e-09
   4.16869e+01    7.93682e-09
   4.21696e+01    7.95159e-09
   4.26580e+01    7.97262e-09
   4.31519e+01    7.99479e-09
   4.36516e+01    8.01540e-09
   4.41570e+01    8.03450e-09
   4.46684e+01    8.05213e-09
   4.51856e+01    8.06830e-09
   4.57088e+01    8.08304e-09
   4.62381e+01    8.09639e-09
   4.67735e+01    8.11535e-09
   4.73151e+01    8.13523e-09
   4.78630e+01    8.15359e-09
   4.84172e+01    8.17048e-09
   4.89779e+01    8.18592e-09
   4.95450e+01    8.19994e-09
   5.01187e+01    8.21256e-09
   5.06991e+01    8.22382e-09
   5.12861e+01    8.23788e-09
   5.18800e+01    8.25197e-09
   5.24807e+01    8.26466e-09
   5.30884e+01    8.27598e-09
   5.37032e+01    8.28597e-09
   5.43250e+01    8.29465e-09
   5.49541e+01    8.30204e-09
   5.55904e+01    8.30818e-09
   5.62341e+01    8.31730e-09
   5.68853e+01    8.32658e-09
   5.75440e+01    8.33455e-09
   5.82103e+01    8.34126e-09
   5.88844e+01    8.34673e-09
   5.95662e+01    8.35099e-09
   6.02560e+01    8.35405e-09
   6.09537e+01    8.35595e-09
   6.16595e+01    8.36241e-09
   6.23735e+01    8.36961e-09
   6.30957e+01    8.37554e-09
   6.38263e+01    8.38026e-09
   6.45654e+01    8.38377e-09
   6.53131e+01    8.38611e-09
   6.60693e+01    8.38730e-09
   6.68344e+01    8.38736e-09
   6.76083e+01    8.38961e-09
   6.83912e+01    8.39185e-09
   6.91831e+01    8.39294e-09
   6.99842e+01    8.39291e-09
   7.07946e+01    8.39179e-09
   7.16143e+01    8.38959e-09
   7.24436e+01    8.38634e-09
   7.32825e+01    8.38207e-09
   7.41310e+01    8.37943e-09
   7.49894e+01    8.37666e-09
   7.58578e+01    8.37287e-09
   7.67361e+01    8.36806e-09
   7.76247e+01    8.36228e-09
   7.85236e+01    8.35554e-09
   7.94328e+01    8.34785e-09
   8.03526e+01    8.33924e-09
   8.12831e+01    8.33261e-09
   8.22243e+01    8.32602e-09
   8.31764e+01    8.31850e-09
   8.41395e+01    8.31006e-09
   8.51138e+01    8.30072e-09
   8.60994e+01    8.29051e-09
   8.70964e+01    8.27945e-09
   8.81049e+01    8.26755e-09
   8.91251e+01    8.25634e-09
   9.01571e+01    8.24482e-09
   9.12011e+01    8.23248e-09
   9.22571e+01    8.21935e-09
   9.33254e+01    8.20545e-09
   9.44061e+01    8.19080e-09
   9.54993e+01    8.17540e-09
   9.66051e+01    8.15928e-09
   9.77237e+01    8.14570e-09
   9.88553e+01    8.13249e-09
   1.00000e+02    8.11851e-09
   1.01158e+02    8.10379e-09
   1.02329e+02    8.08833e-09
   1.03514e+02    8.07217e-09
   1.04713e+02    8.05532e-09
   1.05925e+02    8.03779e-09
   1.07152e+02    8.01954e-09
   1.08393e+02    8.00062e-09
   1.09648e+02    7.98108e-09
   1.10917e+02    7.96095e-09
   1.12202e+02    7.94024e-09
   1.13501e+02    7.91896e-09
   1.14815e+02    7.89713e-09
   1.16145e+02    7.87476e-09
   1.17490e+02    7.85341e-09
   1.18850e+02    7.83204e-09
   1.20226e+02    7.81013e-09
   1.21619e+02    7.78769e-09
   1.23027e+02    7.76474e-09
   1.24451e+02    7.74130e-09
   1.25893e+02    7.71738e-09
   1.27350e+02    7.69299e-09
   1.28825e+02    7.66806e-09
   1.30317e+02    7.64266e-09
   1.31826e+02    7.61684e-09
   1.33352e+02    7.59061e-09
   1.34896e+02    7.56398e-09
   1.36458e+02    7.53697e-09
   1.38038e+02    7.50959e-09
   1.39637e+02    7.48184e-09
   1.41254e+02    7.45452e-09
   1.42889e+02    7.42710e-09
   1.44544e+02    7.39934e-09
   1.46218e+02    7.37124e-09
   1.47911e+02    7.34281e-09
   1.49624e+02    7.31407e-09
   1.51356e+02    7.28502e-09
   1.53109e+02    7.25568e-09
   1.54882e+02    7.22567e-09
   1.56675e+02    7.19526e-09
   1.58489e+02    7.16460e-09
   1.60325e+02    7.13370e-09
   1.62181e+02    7.10256e-09
   1.64059e+02    7.07121e-09
   1.65959e+02    7.03964e-09
   1.67880e+02    7.00786e-09
   1.69824e+02    6.97553e-09
   1.71791e+02    6.94290e-09
   1.73780e+02    6.91011e-09
   1.75792e+02    6.87715e-09
   1.77828e+02    6.84404e-09
   1.79887e+02    6.81079e-09
   1.81970e+02    6.77740e-09
   1.84077e+02    6.74388e-09
   1.86209e+02    6.71041e-09
   1.88365e+02    6.67688e-09
   1.90546e+02    6.64324e-09
   1.92752e+02    6.60949e-09
   1.94984e+02    6.57564e-09
   1.97242e+02    6.54170e-09
   1.99526e+02    6.50768e-09
   2.01837e+02    6.47358e-09
   2.04174e+02    6.43816e-09
   2.06538e+02    6.40228e-09
   2.08930e+02    6.36638e-09
   2.11349e+02    6.33045e-09
   2.13796e+02    6.29452e-09
   2.16272e+02    6.25857e-09
   2.18776e+02    6.22263e-09
   2.21309e+02    6.18669e-09
   2.23872e+02    6.15009e-09
   2.26464e+02    6.11329e-09
   2.29087e+02    6.07653e-09
   2.31739e+02    6.03981e-09
   2.34423e+02    6.00313e-09
   2.37137e+02    5.96650e-09
   2.39883e+02    5.92992e-09
   2.42661e+02    5.89339e-09
   2.45471e+02    5.85606e-09
   2.48313e+02    5.81850e-09
   2.51189e+02    5.78104e-09
   2.54097e+02    5.74368e-09
   2.57040e+02    5.70641e-09
   2.60016e+02    5.66924e-09
   2.63027e+02    5.63217e-09
   2.66073e+02    5.59521e-09
   2.69153e+02    5.55776e-09
   2.72270e+02    5.52023e-09
   2.75423e+02    5.48283e-09
   2.78612e+02    5.44556e-09
   2.81838e+02    5.40843e-09
   2.85102e+02    5.37143e-09
   2.88403e+02    5.33457e-09
   2.91743e+02    5.29785e-09
   2.95121e+02    5.25982e-09
   2.98538e+02    5.22146e-09
   3.01995e+02    5.18330e-09
   3.05492e+02    5.14532e-09
   3.09030e+02    5.10753e-09
   3.12608e+02    5.06993e-09
   3.16228e+02    5.03252e-09
   3.19890e+02    4.99531e-09
   3.23594e+02    4.95778e-09
   3.27341e+02    4.92029e-09
   3.31131e+02    4.88301e-09
   3.34965e+02    4.84593e-09
   3.38844e+02    4.80906e-09
   3.42768e+02    4.77240e-09
   3.46737e+02    4.73595e-09
   3.50752e+02    4.69971e-09
   3.54813e+02    4.66230e-09
   3.58922e+02    4.62467e-09
   3.63078e+02    4.58728e-09
   3.67282e+02    4.55014e-09
   3.71535e+02    4.51325e-09
   3.75837e+02    4.47661e-09
   3.80189e+02    4.44022e-09
   3.84592e+02    4.40407e-09
   3.89045e+02    4.36732e-09
   3.93550e+02    4.33055e-09
   3.98107e+02    4.29404e-09
   4.02717e+02    4.25780e-09
   4.07380e+02    4.22182e-09
   4.12098e+02    4.18611e-09
   4.16869e+02    4.15066e-09
   4.21696e+02    4.11548e-09
   4.26580e+02    4.08026e-09
   4.31519e+02    4.04520e-09
   4.36516e+02    4.01041e-09
   4.41570e+02    3.97589e-09
   4.46684e+02    3.94163e-09
   4.51856e+02    3.90763e-09
   4.57088e+02    3.87390e-09
   4.62381e+02    3.84042e-09
   4.67735e+02    3.80578e-09
   4.73151e+02    3.77093e-09
   4.78630e+02    3.73638e-09
   4.84172e+02    3.70213e-09
   4.89779e+02    3.66816e-09
   4.95450e+02    3.63449e-09
   5.01187e+02    3.60111e-09
   5.06991e+02    3.56802e-09
   5.12861e+02    3.53459e-09
   5.18800e+02    3.50125e-09
   5.24807e+02    3.46821e-09
   5.30884e+02    3.43546e-09
   5.37032e+02    3.40301e-09
   5.43250e+02    3.37085e-09
   5.49541e+02    3.33898e-09
   5.55904e+02    3.30739e-09
   5.62341e+02    3.27588e-09
   5.68853e+02    3.24458e-09
   5.75440e+02    3.21357e-09
   5.82103e+02    3.18284e-09
   5.88844e+02    3.15239e-09
   5.95662e+02    3.12222e-09
   6.02560e+02    3.09233e-09
   6.09537e+02    3.06271e-09
   6.16595e+02    3.03230e-09
   6.23735e+02    3.00181e-09
   6.30957e+02    2.97163e-09
   6.38263e+02    2.94174e-09
   6.45654e+02    2.91215e-09
   6.53131e+02    2.88285e-09
   6.60693e+02    2.85383e-09
   6.68344e+02    2.82510e-09
   6.76083e+02    2.79599e-09
   6.83912e+02    2.76694e-09
   6.91831e+02    2.73819e-09
   6.99842e+02    2.70974e-09
   7.07946e+02    2.68157e-09
   7.16143e+02    2.65370e-09
   7.24436e+02    2.62611e-09
   7.32825e+02    2.59880e-09
   7.41310e+02    2.57113e-09
   7.49894e+02    2.54352e-09
   7.58578e+02    2.51621e-09
   7.67361e+02    2.48919e-09
   7.76247e+02    2.46246e-09
   7.85236e+02    2.43601e-09
   7.94328e+02    2.40984e-09
   8.03526e+02    2.38396e-09
   8.12831e+02    2.35791e-09
   8.22243e+02    2.33200e-09
   8.31764e+02    2.30637e-09
   8.41395e+02    2.28102e-09
   8.51138e+02    2.25595e-09
   8.60994e+02    2.23115e-09
   8.70964e+02    2.20663e-09
   8.81049e+02    2.18237e-09
   8.91251e+02    2.15767e-09
   9.01571e+02    2.13301e-09
   9.12011e+02    2.10863e-09
   9.22571e+02    2.08453e-09
   9.33254e+02    2.06069e-09
   9.44061e+02    2.03714e-09
   9.54993e+02    2.01385e-09
   9.66051e+02    1.99083e-09
   9.77237e+02    1.96750e-09
   9.88553e+02    1.94425e-09
   1.00000e+03    1.92128e-09
   1.01158e+03    1.89857e-09
   1.02329e+03    1.87614e-09
   1.03514e+03    1.85396e-09
   1.04713e+03    1.83205e-09
   1.05925e+03    1.81040e-09
   1.07152e+03    1.78809e-09
   1.08393e+03    1.76572e-09
   1.09648e+03    1.74364e-09
   1.10917e+03    1.72183e-09
   1.12202e+03    1.70029e-09
   1.13501e+03    1.67902e-09
   1.14815e+03    1.65801e-09
   1.16145e+03    1.63726e-09
   1.17490e+03    1.61608e-09
   1.18850e+03    1.59493e-09
   1.20226e+03    1.57406e-09
   1.21619e+03    1.55345e-09
   1.23027e+03    1.53311e-09
   1.24451e+03    1.51303e-09
   1.25893e+03    1.49320e-09
   1.27350e+03    1.47364e-09
   1.28825e+03    1.45321e-09
   1.30317e+03    1.43266e-09
   1.31826e+03    1.41240e-09
   1.33352e+03    1.39241e-09
   1.34896e+03    1.37269e-09
   1.36458e+03    1.35324e-09
   1.38038e+03    1.33406e-09
   1.39637e+03    1.31514e-09
   1.41254e+03    1.29563e-09
   1.42889e+03    1.27611e-09
   1.44544e+03    1.25686e-09
   1.46218e+03    1.23788e-09
   1.47911e+03    1.21918e-09
   1.49624e+03    1.20074e-09
   1.51356e+03    1.18256e-09
   1.53109e+03    1.16464e-09
   1.54882e+03    1.14612e-09
   1.56675e+03    1.12757e-09
   1.58489e+03    1.10930e-09
   1.60325e+03    1.09130e-09
   1.62181e+03    1.07357e-09
   1.64059e+03    1.05609e-09
   1.65959e+03    1.03888e-09
   1.67880e+03    1.02193e-09
   1.69824e+03    1.00489e-09
   1.71791e+03    9.87987e-10
   1.73780e+03    9.71343e-10
   1.75792e+03    9.54951e-10
   1.77828e+03    9.38806e-10
   1.79887e+03    9.22906e-10
   1.81970e+03    9.07246e-10
   1.84077e+03    8.91824e-10
   1.86209e+03    8.77144e-10
   1.88365e+03    8.62859e-10
   1.90546e+03    8.48786e-10
   1.92752e+03    8.34923e-10
   1.94984e+03    8.21265e-10
   1.97242e+03    8.07811e-10
   1.99526e+03    7.94557e-10
   2.01837e+03    7.81500e-10
   2.04174e+03    7.69030e-10
   2.06538e+03    7.56879e-10
   2.08930e+03    7.44906e-10
   2.11349e+03    7.33107e-10
   2.13796e+03    7.21480e-10
   2.16272e+03    7.10023e-10
   2.18776e+03    6.98734e-10
   2.21309e+03    6.87611e-10
   2.23872e+03    6.76464e-10
   2.26464e+03    6.65417e-10
   2.29087e+03    6.54535e-10
   2.31739e+03    6.43814e-10
   2.34423e+03    6.33254e-10
   2.37137e+03    6.22850e-10
   2.39883e+03    6.12602e-10
   2.42661e+03    6.02507e-10
   2.45471e+03    5.92389e-10
   2.48313e+03    5.82364e-10
   2.51189e+03    5.72491e-10
   2.54097e+03    5.62767e-10
   2.57040e+03    5.53191e-10
   2.60016e+03    5.43760e-10
   2.63027e+03    5.34473e-10
   2.66073e+03    5.25327e-10
   2.69153e+03    5.16184e-10
   2.72270e+03    5.07135e-10
   2.75423e+03    4.98224e-10
   2.78612e+03    4.89452e-10
   2.81838e+03    4.80814e-10
   2.85102e+03    4.72311e-10
   2.88403e+03    4.63939e-10
   2.91743e+03    4.55696e-10
   2.95121e+03    4.47448e-10
   2.98538e+03    4.39281e-10
   3.01995e+03    4.31244e-10
   3.05492e+03    4.23332e-10
   3.09030e+03    4.15546e-10
   3.12608e+03    4.07882e-10
   3.16228e+03    4.00339e-10
   3.19890e+03    3.92915e-10
   3.23594e+03    3.85573e-10
   3.27341e+03    3.78336e-10
   3.31131e+03    3.71214e-10
   3.34965e+03    3.64205e-10
   3.38844e+03    3.57308e-10
   3.42768e+03    3.50522e-10
   3.46737e+03    3.43844e-10
   3.50752e+03    3.37273e-10
   3.54813e+03    3.30742e-10
   3.58922e+03    3.24294e-10
   3.63078e+03    3.17951e-10
   3.67282e+03    3.11710e-10
   3.71535e+03    3.05571e-10
   3.75837e+03    2.99531e-10
   3.80189e+03    2.93590e-10
   3.84592e+03    2.87745e-10
   3.89045e+03    2.81987e-10
   3.93550e+03    2.76320e-10
   3.98107e+03    2.70745e-10
   4.02717e+03    2.65262e-10
   4.07380e+03    2.59869e-10
   4.12098e+03    2.54565e-10
   4.16869e+03    2.49349e-10
   4.21696e+03    2.44218e-10
   4.26580e+03    2.39160e-10
   4.31519e+03    2.34182e-10
   4.36516e+03    2.29287e-10
   4.41570e+03    2.24473e-10
   4.46684e+03    2.19740e-10
   4.51856e+03    2.15085e-10
   4.57088e+03    2.10508e-10
   4.62381e+03    2.06008e-10
   4.67735e+03    2.01588e-10
   4.73151e+03    1.97244e-10
   4.78630e+03    1.92973e-10
   4.84172e+03    1.88774e-10
   4.89779e+03    1.84646e-10
   4.95450e+03    1.80587e-10
   5.01187e+03    1.76598e-10
   5.06991e+03    1.72676e-10
   5.12861e+03    1.68856e-10
   5.18800e+03    1.65113e-10
   5.24807e+03    1.61433e-10
   5.30884e+03    1.57817e-10
   5.37032e+03    1.54262e-10
   5.43250e+03    1.50768e-10
   5.49541e+03    1.47333e-10
   5.55904e+03    1.43958e-10
   5.62341e+03    1.40677e-10
   5.68853e+03    1.37466e-10
   5.75440e+03    1.34310e-10
   5.82103e+03    1.31209e-10
   5.88844e+03    1.28160e-10
   5.95662e+03    1.25165e-10
   6.02560e+03    1.22221e-10
   6.09537e+03    1.19328e-10
   6.16595e+03    1.16518e-10
   6.23735e+03    1.13767e-10
   6.30957e+03    1.11064e-10
   6.38263e+03    1.08408e-10
   6.45654e+03    1.05799e-10
   6.53131e+03    1.03235e-10
   6.60693e+03    1.00715e-10
   6.68344e+03    9.82404e-11
   6.76083e+03    9.58484e-11
   6.83912e+03    9.35119e-11
   6.91831e+03    9.12164e-11
   6.99842e+03    8.89612e-11
   7.07946e+03    8.67458e-11
   7.16143e+03    8.45695e-11
   7.24436e+03    8.24317e-11
   7.32825e+03    8.03317e-11
   7.41310e+03    7.83050e-11
   7.49894e+03    7.63266e-11
   7.58578e+03    7.43833e-11
   7.67361e+03    7.24745e-11
   7.76247e+03    7.05997e-11
   7.85236e+03    6.87584e-11
   7.94328e+03    6.69499e-11
   8.03526e+03    6.51738e-11
   8.12831e+03    6.34769e-11
   8.22243e+03    6.18265e-11
   8.31764e+03    6.02057e-11
   8.41395e+03    5.86139e-11
   8.51138e+03    5.70507e-11
   8.60994e+03    5.55156e-11
   8.70964e+03    5.40082e-11
   8.81049e+03    5.25280e-11
   8.91251e+03    5.11123e-11
   9.01571e+03    4.97352e-11
   9.12011e+03    4.83829e-11
   9.22571e+03    4.70551e-11
   9.33254e+03    4.57514e-11
   9.44061e+03    4.44714e-11
   9.54993e+03    4.32147e-11
   9.66051e+03    4.19809e-11
   9.77237e+03    4.08082e-11
   9.88553e+03    3.96701e-11
   1.00000e+04    3.85528e-11
   1.01158e+04    3.74559e-11
   1.02329e+04    3.63791e-11
   1.03514e+04    3.53220e-11
   1.04713e+04    3.42844e-11
   1.05925e+04    3.32659e-11
   1.07152e+04    3.23073e-11
   1.08393e+04    3.13804e-11
   1.09648e+04    3.04706e-11
   1.10917e+04    2.95775e-11
   1.12202e+04    2.87009e-11
   1.13501e+04    2.78405e-11
   1.14815e+04    2.69961e-11
   1.16145e+04    2.61673e-11
   1.17490e+04    2.53935e-11
   1.18850e+04    2.46477e-11
   1.20226e+04    2.39156e-11
   1.21619e+04    2.31970e-11
   1.23027e+04    2.24919e-11
   1.24451e+04    2.17998e-11
   1.25893e+04    2.11206e-11
   1.27350e+04    2.04542e-11
   1.28825e+04    1.98298e-11
   1.30317e+04    1.92274e-11
   1.31826e+04    1.86362e-11
   1.33352e+04    1.80560e-11
   1.34896e+04    1.74867e-11
   1.36458e+04    1.69280e-11
   1.38038e+04    1.63799e-11
   1.39637e+04    1.58420e-11
   1.41254e+04    1.53459e-11
   1.42889e+04    1.48700e-11
   1.44544e+04    1.44030e-11
   1.46218e+04    1.39447e-11
   1.47911e+04    1.34951e-11
   1.49624e+04    1.30540e-11
   1.51356e+04    1.26211e-11
   1.53109e+04    1.21965e-11
   1.54882e+04    1.18064e-11
   1.56675e+04    1.14328e-11
   1.58489e+04    1.10662e-11
   1.60325e+04    1.07066e-11
   1.62181e+04    1.03538e-11
   1.64059e+04    1.00076e-11
   1.65959e+04    9.66801e-12
   1.67880e+04    9.33489e-12
   1.69824e+04    9.02567e-12
   1.71791e+04    8.72837e-12
   1.73780e+04    8.43670e-12
   1.75792e+04    8.15058e-12
   1.77828e+04    7.86993e-12
   1.79887e+04    7.59463e-12
   1.81970e+04    7.32460e-12
   1.84077e+04    7.05976e-12
   1.86209e+04    6.81937e-12
   1.88365e+04    6.59026e-12
   1.90546e+04    6.36549e-12
   1.92752e+04    6.14503e-12
   1.94984e+04    5.92880e-12
   1.97242e+04    5.71672e-12
   1.99526e+04    5.50872e-12
   2.01837e+04    5.30473e-12
   2.04174e+04    5.12097e-12
   2.06538e+04    4.94636e-12
   2.08930e+04    4.77507e-12
   2.11349e+04    4.60707e-12
   2.13796e+04    4.44230e-12
   2.16272e+04    4.28070e-12
   2.18776e+04    4.12223e-12
   2.21309e+04    3.96681e-12
   2.23872e+04    3.82776e-12
   2.26464e+04    3.69599e-12
   2.29087e+04    3.56674e-12
   2.31739e+04    3.43997e-12
   2.34423e+04    3.31566e-12
   2.37137e+04    3.19375e-12
   2.39883e+04    3.07419e-12
   2.42661e+04    2.95695e-12
   2.45471e+04    2.85088e-12
   2.48313e+04    2.74992e-12
   2.51189e+04    2.65091e-12
   2.54097e+04    2.55381e-12
   2.57040e+04    2.45860e-12
   2.60016e+04    2.36523e-12
   2.63027e+04    2.27368e-12
   2.66073e+04    2.18392e-12
   2.69153e+04    2.10371e-12
   2.72270e+04    2.02775e-12
   2.75423e+04    1.95325e-12
   2.78612e+04    1.88019e-12
   2.81838e+04    1.80856e-12
   2.85102e+04    1.73833e-12
   2.88403e+04    1.66946e-12
   2.91743e+04    1.60195e-12
   2.95121e+04    1.54276e-12
   2.98538e+04    1.48715e-12
   3.01995e+04    1.43261e-12
   3.05492e+04    1.37913e-12
   3.09030e+04    1.32669e-12
   3.12608e+04    1.27528e-12
   3.16228e+04    1.22487e-12
   3.19890e+04    1.17545e-12
   3.23594e+04    1.13121e-12
   3.27341e+04    1.08929e-12
   3.31131e+04    1.04819e-12
   3.34965e+04    1.00789e-12
   3.38844e+04    9.68375e-13
   3.42768e+04    9.29638e-13
   3.46737e+04    8.91660e-13
   3.50752e+04    8.54430e-13
   3.54813e+04    8.21977e-13
   3.58922e+04    7.91554e-13
   3.63078e+04    7.61720e-13
   3.67282e+04    7.32469e-13
   3.71535e+04    7.03795e-13
   3.75837e+04    6.75680e-13
   3.80189e+04    6.48118e-13
   3.84592e+04    6.21097e-13
   3.89045e+04    5.97155e-13
   3.93550e+04    5.74560e-13
   3.98107e+04    5.52404e-13
   4.02717e+04    5.30683e-13
   4.07380e+04    5.09393e-13
   4.12098e+04    4.88521e-13
   4.16869e+04    4.68059e-13
   4.21697e+04    4.48002e-13
   4.26580e+04    4.30437e-13
   4.31519e+04    4.13939e-13
   4.36516e+04    3.97763e-13
   4.41570e+04    3.81905e-13
   4.46684e+04    3.66362e-13
   4.51856e+04    3.51124e-13
   4.57088e+04    3.36187e-13
   4.62381e+04    3.21546e-13
   4.67735e+04    3.08473e-13
   4.73151e+04    2.96099e-13
   4.78630e+04    2.83968e-13
   4.84172e+04    2.72078e-13
   4.89779e+04    2.60425e-13
   4.95450e+04    2.49004e-13
   5.01187e+04    2.37809e-13
   5.06991e+04    2.26839e-13
   5.12861e+04    2.17325e-13
   5.18800e+04    2.08428e-13
   5.24807e+04    1.99706e-13
   5.30884e+04    1.91159e-13
   5.37032e+04    1.82783e-13
   5.43250e+04    1.74574e-13
   5.49541e+04    1.66529e-13
   5.55904e+04    1.58646e-13
   5.62341e+04    1.51740e-13
   5.68853e+04    1.45256e-13
   5.75440e+04    1.38900e-13
   5.82103e+04    1.32672e-13
   5.88844e+04    1.26569e-13
   5.95662e+04    1.20588e-13
   6.02560e+04    1.14728e-13
   6.09537e+04    1.08986e-13
   6.16595e+04    1.03999e-13
   6.23735e+04    9.93332e-14
   6.30957e+04    9.47604e-14
   6.38263e+04    9.02800e-14
   6.45654e+04    8.58909e-14
   6.53131e+04    8.15904e-14
   6.60693e+04    7.73772e-14
   6.68344e+04    7.32497e-14
   6.76083e+04    6.97119e-14
   6.83912e+04    6.64205e-14
   6.91831e+04    6.31954e-14
   6.99842e+04    6.00358e-14
   7.07946e+04    5.69408e-14
   7.16143e+04    5.39089e-14
   7.24436e+04    5.09389e-14
   7.32825e+04    4.80298e-14
   7.41310e+04    4.55111e-14
   7.49894e+04    4.31582e-14
   7.58578e+04    4.08532e-14
   7.67361e+04    3.85957e-14
   7.76247e+04    3.63851e-14
   7.85236e+04    3.42201e-14
   7.94328e+04    3.20999e-14
   8.03526e+04    3.00237e-14
   8.12831e+04    2.83534e-14
   8.22243e+04    2.68428e-14
   8.31764e+04    2.53632e-14
   8.41395e+04    2.39141e-14
   8.51138e+04    2.24951e-14
   8.60994e+04    2.11056e-14
   8.70964e+04    1.97448e-14
   8.81049e+04    1.84125e-14
   8.91251e+04    1.73064e-14
   9.01571e+04    1.62919e-14
   9.12011e+04    1.52984e-14
   9.22571e+04    1.43256e-14
   9.33254e+04    1.33732e-14
   9.44061e+04    1.24407e-14
   9.54993e+04    1.15278e-14
   9.66051e+04    1.06342e-14
   9.77237e+04    9.96001e-15
   9.88553e+04    9.36924e-15
   1.00000e+05    8.79070e-15
   1.01158e+05    8.22432e-15
   1.02329e+05    7.66999e-15
   1.03514e+05    7.12728e-15
   1.04713e+05    6.59599e-15
   1.05925e+05    6.07592e-15
   1.07152e+05    5.65308e-15
   1.08393e+05    5.26894e-15
   1.09648e+05    4.89286e-15
   1.10917e+05    4.52469e-15
   1.12202e+05    4.16431e-15
   1.13501e+05    3.81158e-15
   1.14815e+05    3.46639e-15
   1.16145e+05    3.12859e-15
   1.17490e+05    3.01612e-15
   1.18850e+05    2.98128e-15
   1.20226e+05    2.94685e-15
   1.21619e+05    2.91291e-15
